0.000000e+00 2.946210e-10 2.818990e-10 2.794578e-10 2.796400e-10 2.798710e-10 2.795272e-10 2.794790e-10 2.803321e-10 2.805519e-10 2.803750e-10 2.805052e-10 2.802351e-10 2.843299e-10 2.847991e-10 2.853911e-10 3.076930e-10 3.075531e-10 3.070452e-10 3.051429e-10 3.051519e-10 3.057189e-10 3.051131e-10 3.050480e-10 3.056591e-10 3.059769e-10 3.060060e-10 3.056231e-10 3.054061e-10 3.103900e-10 3.094049e-10 3.089981e-10 1.734161e-10 1.749930e-10 1.718929e-10 1.703072e-10 1.730309e-10 1.708980e-10 1.706610e-10 1.716301e-10 1.704409e-10 1.697791e-10 1.698480e-10 1.706309e-10 1.759031e-10 1.711330e-10 1.750040e-10 1.747918e-10 1.706779e-10 1.705620e-10 1.702120e-10 1.710320e-10 1.698251e-10 1.699131e-10 1.813271e-10 1.695418e-10 1.696908e-10 1.706250e-10 1.698201e-10 1.697669e-10 1.773000e-10 1.727259e-10 1.708410e-10 1.705170e-10 1.718700e-10 1.707902e-10 1.703711e-10 1.727140e-10 1.730649e-10 1.697679e-10 1.715460e-10 1.697571e-10 1.743321e-10 1.740291e-10 1.769109e-10 1.717901e-10 1.708682e-10 1.705801e-10 1.838729e-10 1.720450e-10 1.699951e-10 1.745281e-10 1.709659e-10 1.704781e-10 1.766119e-10 1.697910e-10 1.771212e-10 1.717000e-10 1.704228e-10 1.708970e-10 1.714730e-10 1.713500e-10 1.724300e-10 1.781621e-10 1.791520e-10 1.712480e-10 1.735539e-10 1.704628e-10 1.706982e-10 1.709280e-10 1.714621e-10 1.700430e-10 1.699550e-10 1.713140e-10 1.713569e-10 1.699870e-10 1.699769e-10 1.700010e-10 1.714969e-10 1.717951e-10 1.708641e-10 1.723461e-10 1.709769e-10 1.726511e-10 1.700790e-10 1.757410e-10 1.698258e-10 1.734869e-10 1.706300e-10 1.701810e-10 1.718159e-10 1.716678e-10 1.710119e-10 1.702499e-10 1.698210e-10 1.715648e-10 1.757400e-10 1.702731e-10 
2.946210e-10 0.000000e+00 2.706399e-10 2.681279e-10 2.679911e-10 2.687290e-10 2.684319e-10 2.682049e-10 2.680800e-10 2.683389e-10 2.687261e-10 2.686021e-10 2.683029e-10 2.715518e-10 2.713301e-10 2.718580e-10 2.939200e-10 2.938862e-10 2.934821e-10 2.917240e-10 2.918451e-10 2.923191e-10 2.916961e-10 2.916508e-10 2.920470e-10 2.924199e-10 2.925079e-10 2.920928e-10 2.918460e-10 2.963209e-10 2.953899e-10 2.948749e-10 1.527200e-10 1.501548e-10 1.607111e-10 1.492441e-10 1.493678e-10 1.503780e-10 1.502941e-10 1.494448e-10 1.494260e-10 1.506720e-10 1.492400e-10 1.501601e-10 1.493440e-10 1.494732e-10 1.514399e-10 1.499190e-10 1.511970e-10 1.500750e-10 1.559989e-10 1.521440e-10 1.504300e-10 1.569099e-10 1.493440e-10 1.531169e-10 1.526308e-10 1.535881e-10 1.520660e-10 1.503351e-10 1.516190e-10 1.536570e-10 1.501570e-10 1.494329e-10 1.503949e-10 1.499801e-10 1.521559e-10 1.566019e-10 1.526041e-10 1.504040e-10 1.491230e-10 1.493700e-10 1.493261e-10 1.506648e-10 1.508579e-10 1.493349e-10 1.493640e-10 1.502728e-10 1.507230e-10 1.492991e-10 1.511872e-10 1.497271e-10 1.508529e-10 1.492629e-10 1.511559e-10 1.594331e-10 1.521649e-10 1.508000e-10 1.492908e-10 1.493580e-10 1.496050e-10 1.501300e-10 1.501679e-10 1.493168e-10 1.500659e-10 1.494479e-10 1.558940e-10 1.492710e-10 1.493871e-10 1.539152e-10 1.511810e-10 1.511359e-10 1.532810e-10 1.514630e-10 1.504459e-10 1.503830e-10 1.506119e-10 1.501300e-10 1.504719e-10 1.499569e-10 1.494701e-10 1.521609e-10 1.501069e-10 1.503849e-10 1.493721e-10 1.493149e-10 1.493208e-10 1.505859e-10 1.504190e-10 1.492670e-10 1.498570e-10 1.494851e-10 1.495569e-10 1.494060e-10 1.501741e-10 1.503479e-10 1.495771e-10 1.494160e-10 
2.818990e-10 2.706399e-10 0.000000e+00 2.683282e-10 2.684720e-10 2.687449e-10 2.687719e-10 2.682009e-10 2.679601e-10 2.680411e-10 2.685070e-10 2.685430e-10 2.679729e-10 2.715070e-10 2.715931e-10 2.720332e-10 2.938800e-10 2.939260e-10 2.934740e-10 2.917941e-10 2.918830e-10 2.922471e-10 2.917361e-10 2.916532e-10 2.920721e-10 2.923961e-10 2.925079e-10 2.921979e-10 2.919180e-10 2.964540e-10 2.955670e-10 2.950201e-10 1.528051e-10 1.574628e-10 1.506660e-10 1.524260e-10 1.490140e-10 1.497121e-10 1.488130e-10 1.496952e-10 1.487210e-10 1.474521e-10 1.486740e-10 1.521101e-10 1.489339e-10 1.479061e-10 1.502011e-10 1.489341e-10 1.485271e-10 1.488230e-10 1.481380e-10 1.489701e-10 1.474390e-10 1.491051e-10 1.478262e-10 1.482630e-10 1.478560e-10 1.618381e-10 1.501150e-10 1.477511e-10 1.493509e-10 1.497240e-10 1.532059e-10 1.484869e-10 1.480820e-10 1.616268e-10 1.629829e-10 1.496971e-10 1.492732e-10 1.474671e-10 1.492600e-10 1.487200e-10 1.500819e-10 1.491849e-10 1.481218e-10 1.471329e-10 1.491060e-10 1.516242e-10 1.503100e-10 1.476531e-10 1.475399e-10 1.484098e-10 1.481709e-10 1.553421e-10 1.625199e-10 1.476798e-10 1.488380e-10 1.479218e-10 1.484330e-10 1.472001e-10 1.482480e-10 1.473939e-10 1.488240e-10 1.540170e-10 1.481030e-10 1.521480e-10 1.499031e-10 1.478410e-10 1.482420e-10 1.497459e-10 1.490791e-10 1.482902e-10 1.499619e-10 1.479352e-10 1.492550e-10 1.483781e-10 1.476519e-10 1.472809e-10 1.499639e-10 1.482570e-10 1.486349e-10 1.470311e-10 1.472142e-10 1.473448e-10 1.487839e-10 1.470950e-10 1.479909e-10 1.471879e-10 1.485090e-10 1.470420e-10 1.487000e-10 1.470962e-10 1.509159e-10 1.480982e-10 1.470799e-10 1.516032e-10 1.473579e-10 1.488290e-10 
2.794578e-10 2.681279e-10 2.683282e-10 0.000000e+00 2.660880e-10 2.662952e-10 2.663651e-10 2.658949e-10 2.656419e-10 2.657449e-10 2.657988e-10 2.661121e-10 2.657909e-10 2.688391e-10 2.695351e-10 2.696400e-10 2.911839e-10 2.913311e-10 2.908702e-10 2.890520e-10 2.891932e-10 2.895708e-10 2.889571e-10 2.888591e-10 2.893500e-10 2.897110e-10 2.898891e-10 2.895260e-10 2.892530e-10 2.938812e-10 2.927759e-10 2.923570e-10 1.522269e-10 1.548772e-10 1.471610e-10 1.603632e-10 1.477022e-10 1.494069e-10 1.500530e-10 1.478610e-10 1.477652e-10 1.482949e-10 1.546738e-10 1.478090e-10 1.489751e-10 1.488249e-10 1.490400e-10 1.503150e-10 1.489990e-10 1.476889e-10 1.478810e-10 1.531179e-10 1.570032e-10 1.483099e-10 1.493709e-10 1.493242e-10 1.484461e-10 1.482642e-10 1.491868e-10 1.490879e-10 1.488509e-10 1.513751e-10 1.526511e-10 1.494219e-10 1.497111e-10 1.522229e-10 1.491749e-10 1.509452e-10 1.619241e-10 1.490891e-10 1.475971e-10 1.483071e-10 1.471999e-10 1.526511e-10 1.482961e-10 1.476238e-10 1.547940e-10 1.474581e-10 1.475852e-10 1.559479e-10 1.522360e-10 1.495810e-10 1.484492e-10 1.497121e-10 1.499760e-10 1.533329e-10 1.491151e-10 1.471879e-10 1.487391e-10 1.481459e-10 1.506341e-10 1.480849e-10 1.476521e-10 1.475611e-10 1.483819e-10 1.476939e-10 1.483641e-10 1.473420e-10 1.486161e-10 1.469171e-10 1.482210e-10 1.471350e-10 1.469300e-10 1.486290e-10 1.470618e-10 1.487329e-10 1.470721e-10 1.469519e-10 1.468618e-10 1.509888e-10 1.471078e-10 1.478620e-10 1.524260e-10 1.478620e-10 1.480410e-10 1.507878e-10 1.492550e-10 1.481402e-10 1.488051e-10 1.487699e-10 1.487830e-10 1.470261e-10 1.472490e-10 1.469421e-10 1.533871e-10 1.477132e-10 1.471429e-10 1.483929e-10 
2.796400e-10 2.679911e-10 2.684720e-10 2.660880e-10 0.000000e+00 2.664821e-10 2.662821e-10 2.664931e-10 2.705240e-10 2.665861e-10 2.728510e-10 2.698481e-10 2.702100e-10 2.738459e-10 2.713900e-10 2.751529e-10 2.928891e-10 2.917440e-10 2.968261e-10 2.893720e-10 2.900281e-10 2.899649e-10 2.893331e-10 2.891269e-10 2.899692e-10 2.898939e-10 2.900739e-10 2.898300e-10 2.892299e-10 2.939301e-10 2.933919e-10 2.925799e-10 1.523461e-10 1.553459e-10 1.561511e-10 1.478670e-10 1.491752e-10 1.506169e-10 1.483140e-10 1.490891e-10 1.488690e-10 1.496391e-10 1.483951e-10 1.481421e-10 1.477368e-10 1.497719e-10 1.495180e-10 1.476829e-10 1.485610e-10 1.483870e-10 1.494780e-10 1.490800e-10 1.496410e-10 1.480858e-10 1.479840e-10 1.482708e-10 1.553729e-10 1.503870e-10 1.478460e-10 1.531811e-10 1.489322e-10 1.552339e-10 1.514461e-10 1.495140e-10 1.562550e-10 1.502688e-10 1.491921e-10 1.483021e-10 1.511681e-10 1.474512e-10 1.501739e-10 1.510680e-10 1.579340e-10 1.565289e-10 1.478829e-10 1.473391e-10 1.472421e-10 1.484220e-10 1.472671e-10 1.484120e-10 1.477671e-10 1.481061e-10 1.483941e-10 1.485982e-10 1.472309e-10 1.474190e-10 1.478221e-10 1.491461e-10 1.555350e-10 1.565309e-10 1.487191e-10 1.475239e-10 1.484721e-10 1.475060e-10 1.481810e-10 1.483169e-10 1.481509e-10 1.471109e-10 1.472309e-10 1.473022e-10 1.480319e-10 1.470180e-10 1.484931e-10 1.524680e-10 1.471260e-10 1.471121e-10 1.517370e-10 1.476960e-10 1.488581e-10 1.500170e-10 1.500812e-10 1.490901e-10 1.489079e-10 1.484871e-10 1.498849e-10 1.475639e-10 1.471691e-10 1.483481e-10 1.518931e-10 1.471162e-10 1.479101e-10 1.471279e-10 1.480339e-10 1.473532e-10 1.489789e-10 1.471300e-10 1.478870e-10 1.471810e-10 
2.798710e-10 2.687290e-10 2.687449e-10 2.662952e-10 2.664821e-10 0.000000e+00 2.667420e-10 2.660542e-10 2.662790e-10 2.664511e-10 2.666230e-10 2.669320e-10 2.664049e-10 2.698789e-10 2.698550e-10 2.700119e-10 2.917690e-10 2.916460e-10 2.913380e-10 2.894170e-10 2.898569e-10 2.901659e-10 2.895191e-10 2.895100e-10 2.900672e-10 2.903390e-10 2.903960e-10 2.900279e-10 2.897410e-10 2.941940e-10 2.934370e-10 2.928200e-10 1.507850e-10 1.500812e-10 1.506810e-10 1.482711e-10 1.487892e-10 1.488261e-10 1.503229e-10 1.478932e-10 1.480942e-10 1.509569e-10 1.539428e-10 1.508491e-10 1.526382e-10 1.489251e-10 1.498621e-10 1.505101e-10 1.501789e-10 1.507421e-10 1.493239e-10 1.494150e-10 1.490030e-10 1.484108e-10 1.541770e-10 1.477702e-10 1.497900e-10 1.541131e-10 1.479499e-10 1.490951e-10 1.484971e-10 1.514080e-10 1.477261e-10 1.483068e-10 1.604099e-10 1.483052e-10 1.473560e-10 1.475439e-10 1.474700e-10 1.490490e-10 1.489940e-10 1.471891e-10 1.473670e-10 1.502190e-10 1.550131e-10 1.600409e-10 1.536419e-10 1.472180e-10 1.484630e-10 1.530240e-10 1.473880e-10 1.512680e-10 1.476500e-10 1.484201e-10 1.505342e-10 1.489701e-10 1.484909e-10 1.485062e-10 1.474340e-10 1.489818e-10 1.474900e-10 1.530631e-10 1.530440e-10 1.501322e-10 1.475959e-10 1.490109e-10 1.473172e-10 1.472490e-10 1.478939e-10 1.469841e-10 1.484680e-10 1.472270e-10 1.469731e-10 1.483650e-10 1.473820e-10 1.478009e-10 1.469631e-10 1.523879e-10 1.470520e-10 1.502259e-10 1.507058e-10 1.469710e-10 1.493778e-10 1.507521e-10 1.504910e-10 1.486671e-10 1.484571e-10 1.483881e-10 1.484449e-10 1.470339e-10 1.489990e-10 1.470490e-10 1.540120e-10 1.470480e-10 1.481729e-10 1.487479e-10 1.473091e-10 1.473680e-10 
2.795272e-10 2.684319e-10 2.687719e-10 2.663651e-10 2.662821e-10 2.667420e-10 0.000000e+00 2.659349e-10 2.663560e-10 2.660129e-10 2.661650e-10 2.666020e-10 2.670779e-10 2.691250e-10 2.725689e-10 2.698328e-10 2.914090e-10 2.915559e-10 2.911999e-10 2.892978e-10 2.894349e-10 2.898622e-10 2.892568e-10 2.893419e-10 2.896528e-10 2.900469e-10 2.901719e-10 2.898169e-10 2.895331e-10 2.940381e-10 2.930479e-10 2.926691e-10 1.528809e-10 1.480849e-10 1.476970e-10 1.478841e-10 1.499150e-10 1.540520e-10 1.555009e-10 1.477041e-10 1.481030e-10 1.485341e-10 1.479990e-10 1.474988e-10 1.487792e-10 1.491861e-10 1.496451e-10 1.476581e-10 1.589711e-10 1.540921e-10 1.488171e-10 1.476140e-10 1.539371e-10 1.487811e-10 1.486120e-10 1.530721e-10 1.490130e-10 1.484511e-10 1.476741e-10 1.482379e-10 1.484601e-10 1.499040e-10 1.487000e-10 1.497669e-10 1.479199e-10 1.473351e-10 1.481791e-10 1.487880e-10 1.489830e-10 1.498010e-10 1.602621e-10 1.471269e-10 1.490731e-10 1.474199e-10 1.470649e-10 1.473310e-10 1.476791e-10 1.487038e-10 1.473651e-10 1.490021e-10 1.499801e-10 1.542668e-10 1.630139e-10 1.523411e-10 1.527729e-10 1.473558e-10 1.484299e-10 1.474121e-10 1.480069e-10 1.471980e-10 1.488640e-10 1.473348e-10 1.524291e-10 1.479321e-10 1.485229e-10 1.504381e-10 1.486831e-10 1.470408e-10 1.511781e-10 1.542730e-10 1.488070e-10 1.506341e-10 1.486950e-10 1.479061e-10 1.491981e-10 1.493590e-10 1.517048e-10 1.478670e-10 1.488020e-10 1.474271e-10 1.538920e-10 1.486111e-10 1.500630e-10 1.488271e-10 1.489890e-10 1.505909e-10 1.488461e-10 1.474969e-10 1.479070e-10 1.483731e-10 1.487489e-10 1.479130e-10 1.470561e-10 1.489649e-10 1.472101e-10 1.489670e-10 1.471601e-10 1.478970e-10 
2.794790e-10 2.682049e-10 2.682009e-10 2.658949e-10 2.664931e-10 2.660542e-10 2.659349e-10 0.000000e+00 2.660990e-10 2.655139e-10 2.657309e-10 2.656350e-10 2.655048e-10 2.688739e-10 2.690721e-10 2.691381e-10 2.911820e-10 2.911570e-10 2.907829e-10 2.890821e-10 2.891612e-10 2.895329e-10 2.890329e-10 2.889869e-10 2.894061e-10 2.896979e-10 2.898290e-10 2.895250e-10 2.891788e-10 2.937341e-10 2.928829e-10 2.923200e-10 1.540179e-10 1.488130e-10 1.592510e-10 1.551611e-10 1.505120e-10 1.516180e-10 1.513140e-10 1.491580e-10 1.513209e-10 1.544671e-10 1.482890e-10 1.491971e-10 1.486409e-10 1.509991e-10 1.487491e-10 1.529379e-10 1.476090e-10 1.495700e-10 1.479452e-10 1.639800e-10 1.504040e-10 1.478291e-10 1.486189e-10 1.478610e-10 1.482382e-10 1.499391e-10 1.473138e-10 1.481140e-10 1.486299e-10 1.508608e-10 1.479559e-10 1.497920e-10 1.475480e-10 1.481590e-10 1.474171e-10 1.491301e-10 1.472988e-10 1.472032e-10 1.487639e-10 1.473472e-10 1.486850e-10 1.473470e-10 1.481819e-10 1.474099e-10 1.490140e-10 1.556470e-10 1.515749e-10 1.485410e-10 1.532128e-10 1.475379e-10 1.471930e-10 1.537499e-10 1.488349e-10 1.501009e-10 1.502092e-10 1.511540e-10 1.500752e-10 1.494551e-10 1.544008e-10 1.588840e-10 1.485970e-10 1.473491e-10 1.473069e-10 1.528389e-10 1.477439e-10 1.478860e-10 1.470079e-10 1.469369e-10 1.478910e-10 1.482790e-10 1.469560e-10 1.469250e-10 1.482000e-10 1.486192e-10 1.469300e-10 1.472509e-10 1.468508e-10 1.486940e-10 1.480541e-10 1.469820e-10 1.472781e-10 1.481359e-10 1.482270e-10 1.471798e-10 1.484420e-10 1.475270e-10 1.476061e-10 1.471460e-10 1.475241e-10 1.484220e-10 1.471941e-10 1.485901e-10 1.471348e-10 1.470201e-10 1.473539e-10 1.533692e-10 
2.803321e-10 2.680800e-10 2.679601e-10 2.656419e-10 2.705240e-10 2.662790e-10 2.663560e-10 2.660990e-10 0.000000e+00 2.660382e-10 2.665341e-10 2.660739e-10 2.659760e-10 2.689631e-10 2.694900e-10 2.693901e-10 2.914209e-10 2.914529e-10 2.910278e-10 2.893190e-10 2.894471e-10 2.898350e-10 2.892671e-10 2.892721e-10 2.895708e-10 2.900069e-10 2.901239e-10 2.898350e-10 2.893479e-10 2.939539e-10 2.930992e-10 2.925920e-10 1.515470e-10 1.531601e-10 1.524849e-10 1.492450e-10 1.552999e-10 1.537931e-10 1.536438e-10 1.597219e-10 1.503479e-10 1.497982e-10 1.499071e-10 1.505761e-10 1.479480e-10 1.485770e-10 1.552310e-10 1.500211e-10 1.481221e-10 1.497619e-10 1.494908e-10 1.496949e-10 1.493189e-10 1.486399e-10 1.490810e-10 1.484950e-10 1.501100e-10 1.494460e-10 1.481690e-10 1.487381e-10 1.486371e-10 1.516209e-10 1.509962e-10 1.487241e-10 1.493130e-10 1.488822e-10 1.476820e-10 1.478159e-10 1.482291e-10 1.603200e-10 1.522560e-10 1.616492e-10 1.513391e-10 1.476982e-10 1.502762e-10 1.495650e-10 1.489022e-10 1.489639e-10 1.503711e-10 1.508379e-10 1.492801e-10 1.478732e-10 1.478071e-10 1.497679e-10 1.521070e-10 1.477802e-10 1.490541e-10 1.564050e-10 1.524508e-10 1.478209e-10 1.479609e-10 1.493180e-10 1.505480e-10 1.484511e-10 1.481860e-10 1.487129e-10 1.485789e-10 1.475120e-10 1.478100e-10 1.476460e-10 1.488950e-10 1.490722e-10 1.476519e-10 1.474860e-10 1.474681e-10 1.526749e-10 1.487200e-10 1.515639e-10 1.474121e-10 1.484280e-10 1.513951e-10 1.497431e-10 1.499200e-10 1.486709e-10 1.508381e-10 1.485798e-10 1.498690e-10 1.475871e-10 1.475430e-10 1.476250e-10 1.525822e-10 1.475630e-10 1.486740e-10 1.477401e-10 1.483181e-10 1.478181e-10 1.491799e-10 1.475790e-10 
2.805519e-10 2.683389e-10 2.680411e-10 2.657449e-10 2.665861e-10 2.664511e-10 2.660129e-10 2.655139e-10 2.660382e-10 0.000000e+00 2.660971e-10 2.661479e-10 2.655890e-10 2.691462e-10 2.691910e-10 2.697380e-10 2.914209e-10 2.914321e-10 2.910421e-10 2.892380e-10 2.895060e-10 2.897279e-10 2.892940e-10 2.892170e-10 2.896652e-10 2.899318e-10 2.900689e-10 2.898369e-10 2.893882e-10 2.938960e-10 2.931240e-10 2.926528e-10 1.512401e-10 1.520851e-10 1.510410e-10 1.508300e-10 1.492140e-10 1.498370e-10 1.521289e-10 1.501319e-10 1.478751e-10 1.489432e-10 1.498110e-10 1.527660e-10 1.485071e-10 1.502719e-10 1.481891e-10 1.493809e-10 1.493459e-10 1.490650e-10 1.479290e-10 1.474969e-10 1.504350e-10 1.491351e-10 1.495011e-10 1.494210e-10 1.517901e-10 1.500440e-10 1.485851e-10 1.537111e-10 1.487920e-10 1.516600e-10 1.509790e-10 1.500988e-10 1.484671e-10 1.502151e-10 1.494210e-10 1.489010e-10 1.483150e-10 1.547849e-10 1.507699e-10 1.474872e-10 1.502991e-10 1.474149e-10 1.486359e-10 1.485169e-10 1.473930e-10 1.472321e-10 1.475301e-10 1.470730e-10 1.492119e-10 1.505411e-10 1.488080e-10 1.485989e-10 1.526980e-10 1.505902e-10 1.482649e-10 1.503570e-10 1.501372e-10 1.508009e-10 1.499801e-10 1.498160e-10 1.498508e-10 1.492751e-10 1.487720e-10 1.485939e-10 1.483440e-10 1.479330e-10 1.482179e-10 1.485338e-10 1.469991e-10 1.515880e-10 1.483190e-10 1.484041e-10 1.472471e-10 1.469631e-10 1.471679e-10 1.480601e-10 1.473100e-10 1.476190e-10 1.472182e-10 1.470869e-10 1.474469e-10 1.528480e-10 1.487749e-10 1.472409e-10 1.527078e-10 1.481299e-10 1.484172e-10 1.473281e-10 1.477559e-10 1.471019e-10 1.480238e-10 1.486120e-10 1.472919e-10 1.471400e-10 1.471889e-10 1.480589e-10 
2.803750e-10 2.687261e-10 2.685070e-10 2.657988e-10 2.728510e-10 2.666230e-10 2.661650e-10 2.657309e-10 2.665341e-10 2.660971e-10 0.000000e+00 2.661331e-10 2.663820e-10 2.695510e-10 2.692599e-10 2.699180e-10 2.916579e-10 2.917740e-10 2.913339e-10 2.896409e-10 2.897739e-10 2.901151e-10 2.895441e-10 2.894390e-10 2.898421e-10 2.901740e-10 2.903152e-10 2.900431e-10 2.896729e-10 2.942030e-10 2.931571e-10 2.929070e-10 1.524899e-10 1.494701e-10 1.491830e-10 1.485989e-10 1.488039e-10 1.555851e-10 1.495810e-10 1.478369e-10 1.485472e-10 1.477461e-10 1.489031e-10 1.521809e-10 1.478391e-10 1.483221e-10 1.482911e-10 1.491680e-10 1.491120e-10 1.484740e-10 1.484079e-10 1.491971e-10 1.492510e-10 1.480780e-10 1.477430e-10 1.483140e-10 1.539578e-10 1.562421e-10 1.519442e-10 1.530371e-10 1.491430e-10 1.585422e-10 1.504161e-10 1.513138e-10 1.496210e-10 1.578090e-10 1.539919e-10 1.476080e-10 1.473708e-10 1.470358e-10 1.477692e-10 1.532168e-10 1.476121e-10 1.476870e-10 1.474330e-10 1.472418e-10 1.473820e-10 1.484392e-10 1.506090e-10 1.472902e-10 1.478331e-10 1.481450e-10 1.501911e-10 1.518168e-10 1.569550e-10 1.484880e-10 1.474402e-10 1.490300e-10 1.471801e-10 1.489301e-10 1.474049e-10 1.481290e-10 1.470702e-10 1.497190e-10 1.535480e-10 1.503999e-10 1.472161e-10 1.471970e-10 1.484840e-10 1.499400e-10 1.480289e-10 1.471601e-10 1.510792e-10 1.469409e-10 1.495690e-10 1.511400e-10 1.493661e-10 1.496692e-10 1.481709e-10 1.501369e-10 1.497970e-10 1.471798e-10 1.473961e-10 1.477520e-10 1.520262e-10 1.483941e-10 1.473062e-10 1.470711e-10 1.470051e-10 1.485491e-10 1.481361e-10 1.484480e-10 1.470501e-10 1.487770e-10 1.470649e-10 1.482170e-10 1.471379e-10 1.470590e-10 
2.805052e-10 2.686021e-10 2.685430e-10 2.661121e-10 2.698481e-10 2.669320e-10 2.666020e-10 2.656350e-10 2.660739e-10 2.661479e-10 2.661331e-10 0.000000e+00 2.656951e-10 2.692690e-10 2.693660e-10 2.697840e-10 2.915609e-10 2.916250e-10 2.911980e-10 2.893989e-10 2.895050e-10 2.898610e-10 2.894080e-10 2.893450e-10 2.897248e-10 2.900040e-10 2.901139e-10 2.898672e-10 2.895319e-10 2.941060e-10 2.931530e-10 2.926650e-10 1.517720e-10 1.477809e-10 1.492138e-10 1.472600e-10 1.495059e-10 1.482539e-10 1.498392e-10 1.488090e-10 1.474829e-10 1.492579e-10 1.482210e-10 1.484959e-10 1.483271e-10 1.489708e-10 1.486158e-10 1.484699e-10 1.477859e-10 1.489429e-10 1.504371e-10 1.474972e-10 1.474731e-10 1.499529e-10 1.493230e-10 1.477900e-10 1.480138e-10 1.502459e-10 1.485331e-10 1.530631e-10 1.626461e-10 1.513040e-10 1.487820e-10 1.552241e-10 1.477420e-10 1.515009e-10 1.495609e-10 1.486549e-10 1.488380e-10 1.579490e-10 1.516540e-10 1.484258e-10 1.482921e-10 1.475770e-10 1.493969e-10 1.509740e-10 1.472030e-10 1.479831e-10 1.475179e-10 1.499369e-10 1.484981e-10 1.605999e-10 1.500649e-10 1.481822e-10 1.476061e-10 1.471870e-10 1.481431e-10 1.483071e-10 1.471548e-10 1.472330e-10 1.473091e-10 1.480370e-10 1.482792e-10 1.472881e-10 1.472321e-10 1.473958e-10 1.476610e-10 1.470811e-10 1.477308e-10 1.470549e-10 1.481321e-10 1.469860e-10 1.487269e-10 1.469562e-10 1.469209e-10 1.518929e-10 1.469269e-10 1.488230e-10 1.526492e-10 1.484611e-10 1.480482e-10 1.512301e-10 1.495810e-10 1.499920e-10 1.483221e-10 1.495140e-10 1.479568e-10 1.472099e-10 1.485860e-10 1.469641e-10 1.541779e-10 1.470740e-10 1.479349e-10 1.473031e-10 1.484911e-10 1.470499e-10 1.487679e-10 1.470368e-10 
2.802351e-10 2.683029e-10 2.679729e-10 2.657909e-10 2.702100e-10 2.664049e-10 2.670779e-10 2.655048e-10 2.659760e-10 2.655890e-10 2.663820e-10 2.656951e-10 0.000000e+00 2.690351e-10 2.688148e-10 2.693100e-10 2.912991e-10 2.912071e-10 2.907588e-10 2.890611e-10 2.891860e-10 2.894940e-10 2.891212e-10 2.889831e-10 2.894139e-10 2.897222e-10 2.899730e-10 2.895169e-10 2.891910e-10 2.937691e-10 2.928770e-10 2.923131e-10 1.513991e-10 1.475899e-10 1.491609e-10 1.478279e-10 1.477211e-10 1.475332e-10 1.489060e-10 1.475220e-10 1.477489e-10 1.481528e-10 1.473851e-10 1.479330e-10 1.475408e-10 1.523280e-10 1.526690e-10 1.490428e-10 1.479168e-10 1.543770e-10 1.492579e-10 1.509390e-10 1.526659e-10 1.507530e-10 1.505141e-10 1.580579e-10 1.492600e-10 1.508062e-10 1.490281e-10 1.490262e-10 1.493542e-10 1.551061e-10 1.536191e-10 1.498630e-10 1.473701e-10 1.473589e-10 1.475170e-10 1.479161e-10 1.485801e-10 1.495268e-10 1.489689e-10 1.471379e-10 1.480629e-10 1.473200e-10 1.484790e-10 1.471701e-10 1.482038e-10 1.511569e-10 1.483068e-10 1.472888e-10 1.529288e-10 1.473429e-10 1.512270e-10 1.513031e-10 1.495571e-10 1.514201e-10 1.538432e-10 1.498959e-10 1.485329e-10 1.481750e-10 1.489539e-10 1.470330e-10 1.476281e-10 1.541591e-10 1.483779e-10 1.479640e-10 1.471770e-10 1.471591e-10 1.492119e-10 1.480961e-10 1.495800e-10 1.478579e-10 1.470430e-10 1.474409e-10 1.480041e-10 1.482129e-10 1.491349e-10 1.486828e-10 1.523130e-10 1.470661e-10 1.484880e-10 1.514239e-10 1.472089e-10 1.479669e-10 1.505952e-10 1.511490e-10 1.493592e-10 1.484768e-10 1.492589e-10 1.483490e-10 1.490560e-10 1.484060e-10 1.476750e-10 1.470129e-10 1.544888e-10 1.481960e-10 1.471410e-10 1.470640e-10 
2.843299e-10 2.715518e-10 2.715070e-10 2.688391e-10 2.738459e-10 2.698789e-10 2.691250e-10 2.688739e-10 2.689631e-10 2.691462e-10 2.695510e-10 2.692690e-10 2.690351e-10 0.000000e+00 2.726250e-10 2.726560e-10 2.949240e-10 2.949190e-10 2.945850e-10 2.927749e-10 2.929282e-10 2.932711e-10 2.927530e-10 2.926788e-10 2.931709e-10 2.934811e-10 2.935870e-10 2.933080e-10 2.929499e-10 2.975671e-10 2.965119e-10 2.960629e-10 1.516149e-10 1.516080e-10 1.509829e-10 1.486528e-10 1.529059e-10 1.482320e-10 1.513860e-10 1.514442e-10 1.491220e-10 1.508679e-10 1.544490e-10 1.496680e-10 1.494861e-10 1.480930e-10 1.486120e-10 1.503701e-10 1.486449e-10 1.534719e-10 1.499879e-10 1.632631e-10 1.480010e-10 1.482708e-10 1.481290e-10 1.497412e-10 1.489930e-10 1.487272e-10 1.527579e-10 1.483362e-10 1.517160e-10 1.523480e-10 1.484518e-10 1.544890e-10 1.478510e-10 1.486731e-10 1.484268e-10 1.473320e-10 1.471488e-10 1.472750e-10 1.481690e-10 1.483471e-10 1.474020e-10 1.472731e-10 1.487181e-10 1.589310e-10 1.489630e-10 1.471539e-10 1.484890e-10 1.478031e-10 1.476250e-10 1.476312e-10 1.471460e-10 1.487710e-10 1.492040e-10 1.496792e-10 1.474109e-10 1.515119e-10 1.568661e-10 1.472020e-10 1.472449e-10 1.488500e-10 1.502049e-10 1.486340e-10 1.497309e-10 1.526070e-10 1.487551e-10 1.477740e-10 1.470399e-10 1.473010e-10 1.472211e-10 1.478550e-10 1.476910e-10 1.494498e-10 1.496389e-10 1.484120e-10 1.506231e-10 1.486971e-10 1.470659e-10 1.496949e-10 1.526480e-10 1.504662e-10 1.482210e-10 1.485200e-10 1.488528e-10 1.491661e-10 1.490271e-10 1.473799e-10 1.470110e-10 1.478169e-10 1.539061e-10 1.469932e-10 1.472621e-10 1.470828e-10 1.485839e-10 1.479239e-10 1.471372e-10 1.470480e-10 
2.847991e-10 2.713301e-10 2.715931e-10 2.695351e-10 2.713900e-10 2.698550e-10 2.725689e-10 2.690721e-10 2.694900e-10 2.691910e-10 2.692599e-10 2.693660e-10 2.688148e-10 2.726250e-10 0.000000e+00 2.729480e-10 2.950730e-10 2.951710e-10 2.948298e-10 2.929621e-10 2.931468e-10 2.934320e-10 2.930272e-10 2.930131e-10 2.933562e-10 2.936859e-10 2.938581e-10 2.935100e-10 2.930970e-10 2.976971e-10 2.967422e-10 2.963309e-10 1.533959e-10 1.494591e-10 1.486251e-10 1.486371e-10 1.493568e-10 1.498539e-10 1.494579e-10 1.495731e-10 1.484849e-10 1.521940e-10 1.494498e-10 1.491590e-10 1.503768e-10 1.498091e-10 1.495900e-10 1.500490e-10 1.491251e-10 1.505270e-10 1.602960e-10 1.497462e-10 1.497400e-10 1.553202e-10 1.496000e-10 1.501200e-10 1.541831e-10 1.499321e-10 1.512129e-10 1.503260e-10 1.516149e-10 1.541691e-10 1.498120e-10 1.504729e-10 1.538990e-10 1.506302e-10 1.621928e-10 1.481192e-10 1.507750e-10 1.487610e-10 1.488018e-10 1.480720e-10 1.492782e-10 1.482639e-10 1.490600e-10 1.497788e-10 1.495399e-10 1.562972e-10 1.508369e-10 1.487799e-10 1.489229e-10 1.482549e-10 1.481979e-10 1.495819e-10 1.490400e-10 1.486111e-10 1.481910e-10 1.490729e-10 1.480439e-10 1.496220e-10 1.484241e-10 1.480730e-10 1.483030e-10 1.491930e-10 1.493089e-10 1.555610e-10 1.495450e-10 1.482060e-10 1.491160e-10 1.480379e-10 1.486890e-10 1.479650e-10 1.534510e-10 1.479790e-10 1.480801e-10 1.530759e-10 1.480739e-10 1.523108e-10 1.486921e-10 1.503289e-10 1.497221e-10 1.505530e-10 1.492441e-10 1.506829e-10 1.484449e-10 1.485050e-10 1.479609e-10 1.527541e-10 1.488411e-10 1.491649e-10 1.486609e-10 1.480680e-10 1.496871e-10 1.496000e-10 1.484811e-10 1.480498e-10 1.487300e-10 1.488438e-10 
2.853911e-10 2.718580e-10 2.720332e-10 2.696400e-10 2.751529e-10 2.700119e-10 2.698328e-10 2.691381e-10 2.693901e-10 2.697380e-10 2.699180e-10 2.697840e-10 2.693100e-10 2.726560e-10 2.729480e-10 0.000000e+00 2.953379e-10 2.953620e-10 2.949669e-10 2.931550e-10 2.933881e-10 2.936699e-10 2.933021e-10 2.931759e-10 2.935848e-10 2.939730e-10 2.940111e-10 2.937360e-10 2.933662e-10 2.979012e-10 2.969770e-10 2.965181e-10 1.548319e-10 1.493909e-10 1.483331e-10 1.482241e-10 1.481361e-10 1.535680e-10 1.487079e-10 1.475189e-10 1.484642e-10 1.485310e-10 1.495850e-10 1.476872e-10 1.484270e-10 1.484690e-10 1.485701e-10 1.488140e-10 1.475520e-10 1.573491e-10 1.485429e-10 1.491840e-10 1.476731e-10 1.492651e-10 1.492529e-10 1.495612e-10 1.574140e-10 1.482499e-10 1.480920e-10 1.489630e-10 1.483479e-10 1.504691e-10 1.481490e-10 1.481111e-10 1.487799e-10 1.491089e-10 1.527390e-10 1.470590e-10 1.486402e-10 1.570919e-10 1.629441e-10 1.492510e-10 1.504650e-10 1.509261e-10 1.481981e-10 1.486502e-10 1.495652e-10 1.485200e-10 1.490421e-10 1.471422e-10 1.482170e-10 1.501901e-10 1.491258e-10 1.483760e-10 1.474071e-10 1.474409e-10 1.495459e-10 1.557789e-10 1.510210e-10 1.471131e-10 1.472349e-10 1.484702e-10 1.483381e-10 1.474459e-10 1.474991e-10 1.476960e-10 1.472890e-10 1.470511e-10 1.482160e-10 1.469548e-10 1.479049e-10 1.472511e-10 1.478860e-10 1.470699e-10 1.477129e-10 1.518261e-10 1.470220e-10 1.472459e-10 1.525140e-10 1.478848e-10 1.473181e-10 1.489599e-10 1.506939e-10 1.514308e-10 1.502528e-10 1.484771e-10 1.511161e-10 1.483130e-10 1.482410e-10 1.472590e-10 1.477911e-10 1.521049e-10 1.472790e-10 1.474369e-10 1.476750e-10 1.472530e-10 1.472011e-10 1.471059e-10 
3.076930e-10 2.939200e-10 2.938800e-10 2.911839e-10 2.928891e-10 2.917690e-10 2.914090e-10 2.911820e-10 2.914209e-10 2.914209e-10 2.916579e-10 2.915609e-10 2.912991e-10 2.949240e-10 2.950730e-10 2.953379e-10 0.000000e+00 2.712610e-10 2.703099e-10 2.683160e-10 2.686369e-10 2.683759e-10 2.680199e-10 2.679939e-10 2.674341e-10 2.682240e-10 2.685909e-10 2.680478e-10 2.680569e-10 2.724850e-10 2.715189e-10 2.717140e-10 1.515961e-10 1.499081e-10 1.558120e-10 1.490149e-10 1.490219e-10 1.479161e-10 1.486142e-10 1.482620e-10 1.491871e-10 1.478262e-10 1.484740e-10 1.492240e-10 1.484890e-10 1.475360e-10 1.495850e-10 1.486559e-10 1.496871e-10 1.491668e-10 1.523252e-10 1.510751e-10 1.495099e-10 1.538930e-10 1.490490e-10 1.620269e-10 1.532810e-10 1.529930e-10 1.508451e-10 1.515059e-10 1.510072e-10 1.531909e-10 1.523559e-10 1.502478e-10 1.485310e-10 1.514580e-10 1.486211e-10 1.492882e-10 1.599410e-10 1.474311e-10 1.479812e-10 1.472371e-10 1.478040e-10 1.475029e-10 1.481500e-10 1.481831e-10 1.473792e-10 1.473160e-10 1.487751e-10 1.493299e-10 1.531670e-10 1.475091e-10 1.488721e-10 1.536939e-10 1.626370e-10 1.528840e-10 1.499660e-10 1.478269e-10 1.499748e-10 1.490300e-10 1.502872e-10 1.486518e-10 1.491220e-10 1.476841e-10 1.483469e-10 1.555059e-10 1.484361e-10 1.471932e-10 1.474960e-10 1.471550e-10 1.475689e-10 1.475618e-10 1.477900e-10 1.471632e-10 1.481318e-10 1.470971e-10 1.485019e-10 1.471591e-10 1.472039e-10 1.508830e-10 1.472850e-10 1.522789e-10 1.483440e-10 1.477261e-10 1.496658e-10 1.493809e-10 1.481650e-10 1.496241e-10 1.477592e-10 1.489580e-10 1.486099e-10 1.486449e-10 1.477811e-10 1.478050e-10 1.506269e-10 1.474199e-10 1.487069e-10 1.472468e-10 
3.075531e-10 2.938862e-10 2.939260e-10 2.913311e-10 2.917440e-10 2.916460e-10 2.915559e-10 2.911570e-10 2.914529e-10 2.914321e-10 2.917740e-10 2.916250e-10 2.912071e-10 2.949190e-10 2.951710e-10 2.953620e-10 2.712610e-10 0.000000e+00 2.692809e-10 2.677469e-10 2.675619e-10 2.677710e-10 2.675810e-10 2.674890e-10 2.672529e-10 2.675560e-10 2.679100e-10 2.675240e-10 2.669399e-10 2.724280e-10 2.713978e-10 2.709551e-10 1.519749e-10 1.479528e-10 1.485839e-10 1.483991e-10 1.490672e-10 1.484392e-10 1.503859e-10 1.478310e-10 1.493518e-10 1.481051e-10 1.503339e-10 1.480649e-10 1.491570e-10 1.486290e-10 1.492801e-10 1.542089e-10 1.503539e-10 1.515248e-10 1.544530e-10 1.485760e-10 1.558092e-10 1.501269e-10 1.474490e-10 1.481869e-10 1.485212e-10 1.486740e-10 1.513510e-10 1.485472e-10 1.479681e-10 1.578751e-10 1.613781e-10 1.480780e-10 1.545520e-10 1.619611e-10 1.495800e-10 1.492009e-10 1.508620e-10 1.486139e-10 1.488490e-10 1.498690e-10 1.480761e-10 1.473720e-10 1.473212e-10 1.531541e-10 1.485851e-10 1.492808e-10 1.474998e-10 1.477020e-10 1.477799e-10 1.487670e-10 1.473522e-10 1.618030e-10 1.479030e-10 1.484480e-10 1.490250e-10 1.477170e-10 1.473720e-10 1.476159e-10 1.483319e-10 1.485980e-10 1.476190e-10 1.476200e-10 1.525891e-10 1.502900e-10 1.474879e-10 1.539369e-10 1.472530e-10 1.507082e-10 1.501281e-10 1.498930e-10 1.479132e-10 1.486108e-10 1.502209e-10 1.484149e-10 1.471560e-10 1.485300e-10 1.473861e-10 1.470718e-10 1.514790e-10 1.472759e-10 1.480720e-10 1.473131e-10 1.487360e-10 1.473830e-10 1.488280e-10 1.471870e-10 1.471560e-10 1.471410e-10 1.485331e-10 1.479459e-10 1.471472e-10 1.471622e-10 1.485760e-10 1.482201e-10 1.472640e-10 1.471982e-10 
3.070452e-10 2.934821e-10 2.934740e-10 2.908702e-10 2.968261e-10 2.913380e-10 2.911999e-10 2.907829e-10 2.910278e-10 2.910421e-10 2.913339e-10 2.911980e-10 2.907588e-10 2.945850e-10 2.948298e-10 2.949669e-10 2.703099e-10 2.692809e-10 0.000000e+00 2.666450e-10 2.670009e-10 2.673912e-10 2.674820e-10 2.666700e-10 2.669330e-10 2.668850e-10 2.677472e-10 2.670560e-10 2.672029e-10 2.717810e-10 2.707319e-10 2.704170e-10 1.510022e-10 1.484821e-10 1.529720e-10 1.482630e-10 1.494150e-10 1.480329e-10 1.490939e-10 1.505740e-10 1.492791e-10 1.477911e-10 1.495130e-10 1.480181e-10 1.484661e-10 1.493728e-10 1.479211e-10 1.486020e-10 1.485870e-10 1.490428e-10 1.477511e-10 1.491859e-10 1.504030e-10 1.495230e-10 1.482768e-10 1.478541e-10 1.493039e-10 1.489420e-10 1.491041e-10 1.478000e-10 1.490929e-10 1.531780e-10 1.518791e-10 1.484189e-10 1.490829e-10 1.542459e-10 1.507859e-10 1.501250e-10 1.499560e-10 1.479790e-10 1.521761e-10 1.480632e-10 1.496129e-10 1.509271e-10 1.492801e-10 1.489630e-10 1.488161e-10 1.496742e-10 1.486368e-10 1.490030e-10 1.475561e-10 1.473479e-10 1.511910e-10 1.618731e-10 1.537280e-10 1.474979e-10 1.473899e-10 1.488621e-10 1.474049e-10 1.491680e-10 1.476691e-10 1.481509e-10 1.475382e-10 1.493990e-10 1.475952e-10 1.484292e-10 1.488349e-10 1.472850e-10 1.473529e-10 1.488070e-10 1.470308e-10 1.470070e-10 1.469669e-10 1.469891e-10 1.481819e-10 1.469731e-10 1.480799e-10 1.470909e-10 1.485641e-10 1.472740e-10 1.477940e-10 1.472290e-10 1.472340e-10 1.481850e-10 1.475821e-10 1.516731e-10 1.471331e-10 1.502850e-10 1.497669e-10 1.470881e-10 1.519470e-10 1.508422e-10 1.494391e-10 1.479850e-10 1.501060e-10 1.495171e-10 1.482449e-10 1.471820e-10 
3.051429e-10 2.917240e-10 2.917941e-10 2.890520e-10 2.893720e-10 2.894170e-10 2.892978e-10 2.890821e-10 2.893190e-10 2.892380e-10 2.896409e-10 2.893989e-10 2.890611e-10 2.927749e-10 2.929621e-10 2.931550e-10 2.683160e-10 2.677469e-10 2.666450e-10 0.000000e+00 2.648029e-10 2.651680e-10 2.648880e-10 2.647791e-10 2.650089e-10 2.652462e-10 2.648280e-10 2.664061e-10 2.679620e-10 2.693219e-10 2.687640e-10 2.682362e-10 1.516159e-10 1.483910e-10 1.487441e-10 1.481929e-10 1.619091e-10 1.487219e-10 1.481202e-10 1.480899e-10 1.480029e-10 1.490741e-10 1.566498e-10 1.477880e-10 1.481080e-10 1.558089e-10 1.497200e-10 1.500931e-10 1.515291e-10 1.519878e-10 1.520710e-10 1.497591e-10 1.494761e-10 1.538720e-10 1.493711e-10 1.487012e-10 1.490779e-10 1.489038e-10 1.531410e-10 1.487498e-10 1.492701e-10 1.498351e-10 1.484609e-10 1.489649e-10 1.491320e-10 1.471961e-10 1.502481e-10 1.476400e-10 1.502502e-10 1.505911e-10 1.471589e-10 1.474779e-10 1.473269e-10 1.487889e-10 1.488051e-10 1.478519e-10 1.475971e-10 1.478689e-10 1.479011e-10 1.475070e-10 1.475320e-10 1.471498e-10 1.527312e-10 1.474602e-10 1.481810e-10 1.528668e-10 1.588161e-10 1.509979e-10 1.504760e-10 1.500480e-10 1.488571e-10 1.494040e-10 1.492441e-10 1.497030e-10 1.473119e-10 1.479421e-10 1.472261e-10 1.508291e-10 1.471350e-10 1.477180e-10 1.471641e-10 1.470051e-10 1.469488e-10 1.469879e-10 1.478610e-10 1.483068e-10 1.469929e-10 1.482840e-10 1.471820e-10 1.487539e-10 1.472189e-10 1.470411e-10 1.480069e-10 1.470971e-10 1.478510e-10 1.473050e-10 1.473060e-10 1.529250e-10 1.484461e-10 1.480510e-10 1.502411e-10 1.470230e-10 1.507449e-10 1.511469e-10 1.485059e-10 1.487780e-10 1.491849e-10 1.482649e-10 
3.051519e-10 2.918451e-10 2.918830e-10 2.891932e-10 2.900281e-10 2.898569e-10 2.894349e-10 2.891612e-10 2.894471e-10 2.895060e-10 2.897739e-10 2.895050e-10 2.891860e-10 2.929282e-10 2.931468e-10 2.933881e-10 2.686369e-10 2.675619e-10 2.670009e-10 2.648029e-10 0.000000e+00 2.651169e-10 2.654369e-10 2.649419e-10 2.647290e-10 2.652900e-10 2.654860e-10 2.649651e-10 2.647901e-10 2.695000e-10 2.690339e-10 2.683749e-10 1.643560e-10 1.491101e-10 1.479940e-10 1.540101e-10 1.486750e-10 1.526392e-10 1.530862e-10 1.477771e-10 1.504009e-10 1.492922e-10 1.496401e-10 1.496220e-10 1.483181e-10 1.478879e-10 1.503530e-10 1.546021e-10 1.577129e-10 1.496589e-10 1.480498e-10 1.482570e-10 1.486471e-10 1.483200e-10 1.496360e-10 1.490910e-10 1.492600e-10 1.485121e-10 1.483920e-10 1.486280e-10 1.496980e-10 1.516328e-10 1.563258e-10 1.476860e-10 1.492500e-10 1.501489e-10 1.475298e-10 1.499159e-10 1.482430e-10 1.491449e-10 1.494119e-10 1.555390e-10 1.518750e-10 1.609018e-10 1.473901e-10 1.497989e-10 1.480522e-10 1.519260e-10 1.475191e-10 1.472340e-10 1.486549e-10 1.487370e-10 1.471989e-10 1.477289e-10 1.488729e-10 1.486371e-10 1.474791e-10 1.488950e-10 1.474872e-10 1.483262e-10 1.594758e-10 1.606159e-10 1.471601e-10 1.524451e-10 1.491358e-10 1.481590e-10 1.500142e-10 1.499341e-10 1.481991e-10 1.484129e-10 1.482019e-10 1.494460e-10 1.487691e-10 1.469731e-10 1.469820e-10 1.485429e-10 1.541600e-10 1.470370e-10 1.469131e-10 1.472201e-10 1.490870e-10 1.479681e-10 1.471121e-10 1.476030e-10 1.470950e-10 1.487410e-10 1.472840e-10 1.490259e-10 1.505139e-10 1.478589e-10 1.476331e-10 1.515589e-10 1.470540e-10 1.495399e-10 1.507440e-10 1.508820e-10 1.490729e-10 1.481500e-10 
3.057189e-10 2.923191e-10 2.922471e-10 2.895708e-10 2.899649e-10 2.901659e-10 2.898622e-10 2.895329e-10 2.898350e-10 2.897279e-10 2.901151e-10 2.898610e-10 2.894940e-10 2.932711e-10 2.934320e-10 2.936699e-10 2.683759e-10 2.677710e-10 2.673912e-10 2.651680e-10 2.651169e-10 0.000000e+00 2.657130e-10 2.648449e-10 2.652190e-10 2.649899e-10 2.655020e-10 2.652211e-10 2.651980e-10 2.695909e-10 2.691970e-10 2.687531e-10 1.553459e-10 1.488891e-10 1.485219e-10 1.559491e-10 1.498480e-10 1.488051e-10 1.487060e-10 1.477110e-10 1.487360e-10 1.477301e-10 1.483421e-10 1.494570e-10 1.617851e-10 1.486349e-10 1.488831e-10 1.503191e-10 1.478081e-10 1.479690e-10 1.487150e-10 1.523359e-10 1.485021e-10 1.489120e-10 1.481981e-10 1.487999e-10 1.483560e-10 1.487589e-10 1.491911e-10 1.496310e-10 1.485720e-10 1.626780e-10 1.486440e-10 1.479239e-10 1.520109e-10 1.493368e-10 1.532769e-10 1.553171e-10 1.472991e-10 1.481612e-10 1.472421e-10 1.489050e-10 1.475570e-10 1.495972e-10 1.473219e-10 1.507461e-10 1.501870e-10 1.472909e-10 1.633279e-10 1.480730e-10 1.485000e-10 1.525280e-10 1.498489e-10 1.493020e-10 1.499751e-10 1.503031e-10 1.491489e-10 1.496520e-10 1.478250e-10 1.482680e-10 1.471879e-10 1.524780e-10 1.483521e-10 1.473310e-10 1.482189e-10 1.483521e-10 1.473110e-10 1.481621e-10 1.472900e-10 1.484549e-10 1.471980e-10 1.484680e-10 1.469400e-10 1.479158e-10 1.469920e-10 1.469271e-10 1.487110e-10 1.470091e-10 1.479032e-10 1.470129e-10 1.482141e-10 1.518610e-10 1.477809e-10 1.471450e-10 1.527941e-10 1.473150e-10 1.502559e-10 1.495168e-10 1.491640e-10 1.499560e-10 1.485960e-10 1.504059e-10 1.483340e-10 1.471460e-10 1.470201e-10 1.475582e-10 1.525009e-10 1.486208e-10 
3.051131e-10 2.916961e-10 2.917361e-10 2.889571e-10 2.893331e-10 2.895191e-10 2.892568e-10 2.890329e-10 2.892671e-10 2.892940e-10 2.895441e-10 2.894080e-10 2.891212e-10 2.927530e-10 2.930272e-10 2.933021e-10 2.680199e-10 2.675810e-10 2.674820e-10 2.648880e-10 2.654369e-10 2.657130e-10 0.000000e+00 2.646990e-10 2.651360e-10 2.645419e-10 2.647178e-10 2.648120e-10 2.647450e-10 2.696400e-10 2.685430e-10 2.683492e-10 1.509790e-10 1.501601e-10 1.483200e-10 1.484590e-10 1.496091e-10 1.483619e-10 1.486170e-10 1.491191e-10 1.489730e-10 1.472700e-10 1.525500e-10 1.500249e-10 1.484690e-10 1.556399e-10 1.490669e-10 1.508191e-10 1.497459e-10 1.526170e-10 1.574521e-10 1.497881e-10 1.507440e-10 1.499362e-10 1.488020e-10 1.490459e-10 1.488531e-10 1.484120e-10 1.535900e-10 1.624441e-10 1.481512e-10 1.514540e-10 1.492000e-10 1.487730e-10 1.478231e-10 1.472230e-10 1.489651e-10 1.481569e-10 1.479800e-10 1.471310e-10 1.483009e-10 1.485031e-10 1.476240e-10 1.475251e-10 1.544421e-10 1.511869e-10 1.483262e-10 1.475790e-10 1.472840e-10 1.476431e-10 1.544671e-10 1.480188e-10 1.493051e-10 1.522491e-10 1.484601e-10 1.515019e-10 1.498642e-10 1.645248e-10 1.500061e-10 1.470509e-10 1.481569e-10 1.568601e-10 1.490948e-10 1.478722e-10 1.534400e-10 1.474261e-10 1.500809e-10 1.481590e-10 1.501482e-10 1.483979e-10 1.517820e-10 1.500599e-10 1.488540e-10 1.486681e-10 1.485679e-10 1.473060e-10 1.470401e-10 1.530120e-10 1.471579e-10 1.485159e-10 1.477699e-10 1.471081e-10 1.473031e-10 1.471589e-10 1.473219e-10 1.489348e-10 1.489179e-10 1.470742e-10 1.470642e-10 1.484070e-10 1.487620e-10 1.470530e-10 1.470799e-10 1.472659e-10 1.477051e-10 1.486199e-10 1.473720e-10 1.475091e-10 
3.050480e-10 2.916508e-10 2.916532e-10 2.888591e-10 2.891269e-10 2.895100e-10 2.893419e-10 2.889869e-10 2.892721e-10 2.892170e-10 2.894390e-10 2.893450e-10 2.889831e-10 2.926788e-10 2.930131e-10 2.931759e-10 2.679939e-10 2.674890e-10 2.666700e-10 2.647791e-10 2.649419e-10 2.648449e-10 2.646990e-10 0.000000e+00 2.645800e-10 2.643988e-10 2.650671e-10 2.645929e-10 2.642100e-10 2.694259e-10 2.684159e-10 2.685549e-10 1.507812e-10 1.526508e-10 1.498630e-10 1.540170e-10 1.521120e-10 1.521389e-10 1.498220e-10 1.510439e-10 1.497021e-10 1.494641e-10 1.479380e-10 1.510658e-10 1.487470e-10 1.538241e-10 1.475320e-10 1.497350e-10 1.499021e-10 1.479790e-10 1.478779e-10 1.495321e-10 1.497290e-10 1.502659e-10 1.490300e-10 1.478341e-10 1.488349e-10 1.496849e-10 1.476660e-10 1.482060e-10 1.491480e-10 1.504259e-10 1.486650e-10 1.494520e-10 1.474049e-10 1.576748e-10 1.496241e-10 1.473451e-10 1.481452e-10 1.474941e-10 1.479959e-10 1.473119e-10 1.475279e-10 1.473260e-10 1.511838e-10 1.488590e-10 1.479139e-10 1.513822e-10 1.478050e-10 1.490860e-10 1.500700e-10 1.503491e-10 1.490891e-10 1.571529e-10 1.521990e-10 1.485081e-10 1.489890e-10 1.475439e-10 1.472981e-10 1.503351e-10 1.487520e-10 1.486571e-10 1.472280e-10 1.488440e-10 1.553779e-10 1.503961e-10 1.472340e-10 1.470940e-10 1.471050e-10 1.477690e-10 1.474130e-10 1.481061e-10 1.469710e-10 1.470799e-10 1.474330e-10 1.486518e-10 1.470151e-10 1.480269e-10 1.469691e-10 1.480041e-10 1.471961e-10 1.478968e-10 1.473911e-10 1.518190e-10 1.488502e-10 1.477499e-10 1.508050e-10 1.472881e-10 1.491058e-10 1.496840e-10 1.502061e-10 1.497030e-10 1.485841e-10 1.482952e-10 1.498392e-10 1.488209e-10 1.472211e-10 1.471388e-10 
