0.000000e+00 2.125025e-06 1.501083e-06 1.463175e-06 1.512051e-06 1.446962e-06 1.481056e-06 1.388073e-06 1.476049e-06 1.465797e-06 1.487017e-06 1.463890e-06 1.456976e-06 1.507998e-06 1.538992e-06 1.522064e-06 2.584934e-06 2.601147e-06 2.490044e-06 2.599001e-06 2.542019e-06 2.424955e-06 2.512932e-06 2.527952e-06 2.566814e-06 2.527952e-06 2.540112e-06 2.509117e-06 2.575159e-06 2.544165e-06 2.606153e-06 2.577066e-06 3.729105e-06 3.413916e-06 3.390074e-06 3.508091e-06 3.399134e-06 3.427029e-06 3.511190e-06 3.403187e-06 3.427029e-06 3.388882e-06 3.381014e-06 3.385067e-06 3.374100e-06 3.359079e-06 4.601955e-06 3.362894e-06 5.312204e-06 3.968000e-06 3.865004e-06 3.781080e-06 3.771067e-06 3.785849e-06 3.794909e-06 3.788948e-06 3.812075e-06 4.369020e-06 3.885984e-06 4.153967e-06 3.994942e-06 3.798008e-06 3.834009e-06 3.846169e-06 3.412008e-06 3.422022e-06 3.415108e-06 3.840923e-06 3.617048e-06 3.434181e-06 3.445864e-06 3.401995e-06 3.412008e-06 3.468990e-06 3.466129e-06 3.427982e-06 3.503084e-06 3.474951e-06 3.454924e-06 3.471136e-06 3.821850e-06 3.856897e-06 4.165888e-06 3.854036e-06 4.316092e-06 3.811836e-06 4.009008e-06 3.918171e-06 3.920078e-06 4.195929e-06 3.838062e-06 3.865957e-06 3.910065e-06 3.885031e-06 4.093885e-06 4.069805e-06 3.417015e-06 4.115105e-06 3.854036e-06 3.514051e-06 3.568888e-06 3.551006e-06 3.579855e-06 3.579140e-06 3.628969e-06 3.677130e-06 3.618956e-06 3.633022e-06 3.707886e-06 3.650904e-06 3.658772e-06 3.620148e-06 3.829002e-06 3.978014e-06 4.008055e-06 3.943920e-06 4.043818e-06 3.916025e-06 3.999949e-06 4.029989e-06 3.962040e-06 3.955126e-06 3.947973e-06 3.957033e-06 4.068136e-06 4.086018e-06 4.111052e-06 4.110098e-06 
2.125025e-06 0.000000e+00 1.497984e-06 1.493931e-06 1.389027e-06 1.461983e-06 1.461983e-06 1.406908e-06 1.480103e-06 1.497030e-06 1.487970e-06 1.455784e-06 1.443148e-06 1.512051e-06 1.519203e-06 1.489878e-06 2.379894e-06 2.534866e-06 2.424002e-06 2.403021e-06 2.494097e-06 2.500057e-06 2.449036e-06 2.482176e-06 2.511978e-06 2.485991e-06 2.429962e-06 2.538919e-06 2.454042e-06 2.555847e-06 2.454042e-06 2.509832e-06 3.401995e-06 3.522873e-06 3.354073e-06 3.357887e-06 3.362894e-06 3.407001e-06 3.388882e-06 3.402948e-06 3.364086e-06 3.358126e-06 3.487825e-06 3.386974e-06 3.430843e-06 3.372908e-06 3.357172e-06 3.372908e-06 3.798008e-06 3.776073e-06 3.712177e-06 3.777027e-06 3.821850e-06 3.750801e-06 3.791094e-06 3.777027e-06 3.758907e-06 3.774881e-06 3.754139e-06 3.817081e-06 3.884792e-06 3.834009e-06 3.852129e-06 3.817081e-06 3.437996e-06 3.449917e-06 3.502131e-06 3.493071e-06 3.483057e-06 5.428076e-06 3.489017e-06 3.487110e-06 3.458023e-06 3.510952e-06 3.484011e-06 3.479004e-06 3.483057e-06 3.465891e-06 3.488064e-06 3.515005e-06 3.918886e-06 3.803015e-06 3.865957e-06 3.779888e-06 3.835917e-06 3.798962e-06 3.889799e-06 3.818035e-06 3.904104e-06 3.847122e-06 3.842831e-06 3.879786e-06 8.116961e-06 3.925085e-06 3.941059e-06 3.963947e-06 3.478050e-06 3.462076e-06 3.584146e-06 3.537178e-06 3.531933e-06 3.553867e-06 3.687143e-06 3.479004e-06 3.473043e-06 3.486156e-06 3.541946e-06 3.561020e-06 3.538847e-06 3.532887e-06 3.533125e-06 3.540993e-06 3.962994e-06 3.923893e-06 3.993988e-06 3.994942e-06 4.014015e-06 4.069090e-06 4.008055e-06 3.973961e-06 3.996134e-06 3.956079e-06 3.945112e-06 3.965139e-06 4.048109e-06 4.055977e-06 4.091978e-06 4.112959e-06 
1.501083e-06 1.497984e-06 0.000000e+00 1.446962e-06 1.446009e-06 1.440048e-06 1.434088e-06 1.476049e-06 1.482010e-06 1.497984e-06 1.451969e-06 1.437902e-06 1.478195e-06 1.479864e-06 1.507998e-06 1.489878e-06 2.529860e-06 2.380133e-06 2.453804e-06 2.343178e-06 2.524853e-06 2.427101e-06 2.475023e-06 2.454042e-06 2.566099e-06 2.496004e-06 2.464056e-06 2.553940e-06 2.558947e-06 2.554893e-06 2.551079e-06 2.544165e-06 3.340006e-06 3.371000e-06 3.321171e-06 3.381014e-06 3.399849e-06 3.325224e-06 3.437996e-06 3.346920e-06 3.314018e-06 3.331900e-06 3.340006e-06 3.336906e-06 3.363132e-06 3.344059e-06 3.355980e-06 3.372908e-06 3.813982e-06 3.867865e-06 3.803015e-06 3.796101e-06 3.856897e-06 3.762007e-06 3.763199e-06 3.877878e-06 3.844023e-06 3.777027e-06 3.822803e-06 3.774166e-06 3.728867e-06 3.793955e-06 3.788948e-06 3.916979e-06 3.564119e-06 3.554821e-06 3.514051e-06 3.570080e-06 3.739119e-06 3.571987e-06 3.575087e-06 3.442049e-06 3.447056e-06 3.456831e-06 3.465891e-06 3.448963e-06 3.497124e-06 3.463984e-06 3.486156e-06 3.499985e-06 3.798008e-06 3.973961e-06 3.898144e-06 3.825903e-06 3.870010e-06 3.810167e-06 3.811121e-06 3.823996e-06 3.889084e-06 3.878117e-06 3.864050e-06 3.931046e-06 3.930092e-06 4.060984e-06 3.925800e-06 3.909826e-06 3.457069e-06 3.460884e-06 3.499031e-06 3.511906e-06 3.509045e-06 3.504038e-06 3.535032e-06 3.549814e-06 3.453016e-06 3.499031e-06 3.515005e-06 3.490925e-06 3.531933e-06 3.599882e-06 3.571987e-06 3.605843e-06 3.974915e-06 3.969908e-06 3.968954e-06 4.037857e-06 4.066944e-06 4.035950e-06 4.226208e-06 3.934860e-06 3.988981e-06 4.030228e-06 4.019022e-06 3.983974e-06 4.074097e-06 4.069805e-06 4.144907e-06 4.174948e-06 
1.463175e-06 1.493931e-06 1.446962e-06 0.000000e+00 1.396894e-06 1.452923e-06 1.363039e-06 1.480103e-06 1.432896e-06 1.435995e-06 1.446962e-06 1.495838e-06 1.396179e-06 1.452923e-06 1.509905e-06 1.449108e-06 2.470970e-06 2.407074e-06 2.411127e-06 2.353191e-06 2.350807e-06 2.423048e-06 2.449036e-06 2.428055e-06 2.395153e-06 2.414942e-06 2.376080e-06 2.485037e-06 2.521038e-06 2.445936e-06 2.532005e-06 2.501011e-06 3.366947e-06 3.386974e-06 3.363848e-06 3.326893e-06 3.371954e-06 3.453970e-06 3.519058e-06 3.533125e-06 3.687859e-06 3.389120e-06 3.417015e-06 3.376007e-06 3.386021e-06 3.371000e-06 3.390074e-06 3.381968e-06 3.847122e-06 3.813982e-06 3.852129e-06 3.839970e-06 3.812075e-06 3.858089e-06 3.814936e-06 3.794909e-06 3.787994e-06 3.754854e-06 3.828049e-06 3.757954e-06 3.752947e-06 3.826141e-06 3.786087e-06 3.854036e-06 3.408909e-06 3.462791e-06 3.550053e-06 3.415108e-06 3.504038e-06 3.545046e-06 3.425121e-06 3.444195e-06 3.422976e-06 3.420830e-06 3.446817e-06 3.410101e-06 3.451109e-06 3.460884e-06 3.444910e-06 3.586054e-06 3.914833e-06 3.945112e-06 3.961086e-06 3.929138e-06 3.963947e-06 3.935099e-06 3.867865e-06 4.060030e-06 3.955841e-06 5.162001e-06 3.891945e-06 3.926039e-06 3.926992e-06 3.932953e-06 3.968954e-06 3.914833e-06 3.439188e-06 3.552914e-06 3.474951e-06 3.492832e-06 3.485918e-06 3.535032e-06 3.587961e-06 3.461123e-06 3.462791e-06 3.472090e-06 3.535986e-06 3.473043e-06 3.540039e-06 3.703117e-06 3.576040e-06 3.576040e-06 3.981113e-06 3.970146e-06 4.040003e-06 3.983974e-06 4.148006e-06 4.088879e-06 4.245996e-06 4.013062e-06 3.998995e-06 3.992081e-06 4.048109e-06 3.979206e-06 4.041910e-06 4.031181e-06 4.083872e-06 4.138947e-06 
1.512051e-06 1.389027e-06 1.446009e-06 1.396894e-06 0.000000e+00 1.448154e-06 1.451969e-06 1.430035e-06 1.488924e-06 1.421928e-06 1.439095e-06 1.443148e-06 1.428843e-06 1.423836e-06 1.528025e-06 1.527071e-06 2.436876e-06 2.378941e-06 2.434969e-06 2.321005e-06 2.449989e-06 2.371073e-06 2.407074e-06 2.485991e-06 2.491951e-06 2.440929e-06 2.447844e-06 2.371788e-06 2.422094e-06 2.523899e-06 2.573967e-06 2.469063e-06 3.611088e-06 3.437042e-06 3.371000e-06 3.347158e-06 3.301144e-06 3.440142e-06 3.356934e-06 3.350019e-06 3.370047e-06 3.401995e-06 3.495932e-06 3.442049e-06 3.656149e-06 3.419161e-06 3.571987e-06 3.381968e-06 3.807068e-06 3.770828e-06 3.816128e-06 3.838062e-06 3.867149e-06 3.818989e-06 3.790855e-06 3.929138e-06 3.826141e-06 3.844976e-06 3.829002e-06 3.772020e-06 3.733158e-06 3.813982e-06 3.767014e-06 3.793001e-06 3.473997e-06 3.363132e-06 3.396034e-06 3.442049e-06 3.371954e-06 3.437042e-06 3.471136e-06 3.466129e-06 3.396034e-06 3.432035e-06 3.446102e-06 3.421068e-06 3.417969e-06 3.610849e-06 3.525019e-06 3.452063e-06 3.853083e-06 3.843784e-06 3.854036e-06 3.906012e-06 3.877878e-06 3.931999e-06 3.828049e-06 3.887892e-06 3.904104e-06 3.903151e-06 3.881216e-06 3.924131e-06 3.950119e-06 3.926039e-06 3.906012e-06 3.916025e-06 3.472090e-06 3.515959e-06 3.506184e-06 3.484964e-06 3.620148e-06 3.554106e-06 3.684998e-06 3.501892e-06 3.526926e-06 3.541946e-06 3.510952e-06 3.529072e-06 3.574133e-06 3.589153e-06 3.643990e-06 3.571987e-06 3.964186e-06 3.996849e-06 3.938913e-06 4.002810e-06 4.024982e-06 4.024029e-06 4.027843e-06 4.045963e-06 4.080057e-06 4.047871e-06 3.973007e-06 3.910065e-06 4.043102e-06 4.029989e-06 4.077911e-06 4.115105e-06 
1.446962e-06 1.461983e-06 1.440048e-06 1.452923e-06 1.448154e-06 0.000000e+00 1.493931e-06 1.492977e-06 1.399994e-06 1.460075e-06 1.436949e-06 1.473904e-06 1.424789e-06 1.498222e-06 1.461983e-06 1.479149e-06 2.456188e-06 2.518892e-06 2.537966e-06 2.505064e-06 2.432823e-06 2.508879e-06 2.424955e-06 2.473116e-06 2.480030e-06 2.546072e-06 2.403021e-06 2.409935e-06 2.400875e-06 2.520084e-06 2.499819e-06 2.557039e-06 3.415823e-06 3.376007e-06 3.409863e-06 3.382921e-06 3.369093e-06 3.350019e-06 3.447056e-06 3.428221e-06 3.430843e-06 3.496885e-06 3.371954e-06 3.365993e-06 3.411055e-06 3.482103e-06 3.421068e-06 3.359079e-06 3.850937e-06 3.798962e-06 3.804207e-06 3.912926e-06 3.817081e-06 3.865004e-06 3.798008e-06 3.822088e-06 3.774881e-06 3.823996e-06 3.806829e-06 3.853083e-06 3.826857e-06 3.831148e-06 3.829956e-06 3.798008e-06 3.602028e-06 6.324053e-06 3.530025e-06 3.600836e-06 3.651142e-06 3.607035e-06 3.427982e-06 3.452778e-06 3.423929e-06 6.921053e-06 3.437996e-06 3.436089e-06 7.735014e-06 3.451109e-06 3.463030e-06 3.451109e-06 3.867865e-06 3.819942e-06 3.854990e-06 3.854990e-06 3.895044e-06 3.841877e-06 3.902912e-06 3.902912e-06 3.901005e-06 3.938198e-06 3.906012e-06 4.028082e-06 4.241943e-06 4.041910e-06 4.029989e-06 4.024029e-06 3.638029e-06 3.607035e-06 3.473043e-06 3.503084e-06 3.551960e-06 3.551006e-06 3.509045e-06 3.525019e-06 3.548861e-06 3.517151e-06 3.571033e-06 3.578901e-06 3.586054e-06 3.570080e-06 3.576040e-06 3.627062e-06 3.949881e-06 3.962040e-06 4.037857e-06 3.948927e-06 3.969908e-06 4.064083e-06 3.989935e-06 3.960133e-06 3.955841e-06 3.997087e-06 4.018784e-06 3.980875e-06 4.073143e-06 4.107952e-06 4.110098e-06 4.306078e-06 
1.481056e-06 1.461983e-06 1.434088e-06 1.363039e-06 1.451969e-06 1.493931e-06 0.000000e+00 1.456976e-06 1.427174e-06 1.435995e-06 1.455069e-06 1.444101e-06 1.441956e-06 1.455069e-06 1.471043e-06 1.438856e-06 2.378941e-06 2.499819e-06 2.410889e-06 2.483845e-06 2.479076e-06 2.529860e-06 2.456188e-06 2.444029e-06 2.507925e-06 2.514839e-06 2.537966e-06 2.503872e-06 2.476931e-06 2.546072e-06 2.529860e-06 2.446175e-06 3.388166e-06 3.403187e-06 3.399134e-06 3.370047e-06 3.322840e-06 3.345013e-06 3.333092e-06 3.462076e-06 3.358126e-06 3.391981e-06 3.410816e-06 3.324986e-06 3.367186e-06 3.365040e-06 3.344059e-06 3.360987e-06 3.751040e-06 3.788948e-06 3.774166e-06 3.849030e-06 4.014015e-06 3.813028e-06 3.780127e-06 3.780127e-06 3.757954e-06 3.741026e-06 3.739119e-06 3.744841e-06 3.750086e-06 3.783941e-06 3.803968e-06 3.787994e-06 3.451109e-06 3.386974e-06 3.426075e-06 3.406048e-06 3.397942e-06 3.404856e-06 3.407955e-06 3.480196e-06 3.403902e-06 3.427982e-06 3.446102e-06 3.441095e-06 3.442049e-06 3.435135e-06 3.493071e-06 3.460169e-06 3.921986e-06 3.898144e-06 3.904104e-06 3.913879e-06 3.893852e-06 3.854036e-06 3.849983e-06 3.903151e-06 3.926039e-06 3.926039e-06 3.890991e-06 4.026175e-06 3.925085e-06 3.932953e-06 3.949881e-06 3.935814e-06 3.442049e-06 3.456116e-06 3.450155e-06 3.484011e-06 3.522873e-06 3.619194e-06 3.614187e-06 3.481150e-06 3.571987e-06 3.490925e-06 3.508806e-06 3.517866e-06 3.504992e-06 3.573895e-06 3.563881e-06 3.576040e-06 3.937960e-06 3.962994e-06 4.016876e-06 4.046202e-06 4.040956e-06 4.048109e-06 4.028797e-06 3.945112e-06 3.986835e-06 4.000902e-06 3.987074e-06 3.993034e-06 4.055023e-06 4.065990e-06 4.122972e-06 4.098892e-06 
1.388073e-06 1.406908e-06 1.476049e-06 1.480103e-06 1.430035e-06 1.492977e-06 1.456976e-06 0.000000e+00 1.472950e-06 1.437187e-06 1.419067e-06 1.447916e-06 1.444101e-06 1.473188e-06 1.462936e-06 1.441002e-06 2.418995e-06 2.481937e-06 2.426147e-06 2.474785e-06 2.320051e-06 2.437115e-06 2.372026e-06 2.474070e-06 2.463102e-06 2.473831e-06 2.424002e-06 2.475023e-06 2.376080e-06 2.452850e-06 2.428055e-06 2.486944e-06 3.495932e-06 3.351927e-06 3.422976e-06 3.331184e-06 3.342867e-06 3.324986e-06 3.319979e-06 3.340960e-06 3.345966e-06 3.376961e-06 3.359079e-06 3.381014e-06 3.367901e-06 3.417015e-06 3.389120e-06 3.416061e-06 3.849983e-06 3.837109e-06 3.834963e-06 3.794909e-06 3.867865e-06 3.811836e-06 3.848076e-06 3.808022e-06 3.763914e-06 3.798008e-06 3.906012e-06 3.804207e-06 3.840923e-06 3.846169e-06 3.844976e-06 3.803968e-06 3.483057e-06 3.480911e-06 3.417969e-06 3.438950e-06 3.442049e-06 3.441811e-06 3.483057e-06 3.447056e-06 3.468037e-06 3.494024e-06 3.468037e-06 3.442049e-06 7.874966e-06 3.463030e-06 3.473997e-06 3.503084e-06 3.841877e-06 3.855944e-06 3.865004e-06 3.910065e-06 3.913164e-06 3.927946e-06 3.946066e-06 3.847122e-06 3.854990e-06 4.368067e-06 5.455971e-06 4.042864e-06 4.053831e-06 4.249096e-06 4.245043e-06 3.931046e-06 3.512144e-06 3.464937e-06 3.490210e-06 3.487110e-06 3.550053e-06 3.549099e-06 3.554106e-06 3.511906e-06 3.484964e-06 3.502846e-06 3.531933e-06 3.515959e-06 3.526926e-06 3.610849e-06 3.607035e-06 3.674030e-06 4.135847e-06 3.953934e-06 3.984213e-06 4.027128e-06 4.022121e-06 4.038095e-06 3.935099e-06 3.919125e-06 3.994942e-06 3.983021e-06 3.962040e-06 3.947020e-06 4.001856e-06 4.047871e-06 4.105091e-06 4.139900e-06 
1.476049e-06 1.480103e-06 1.482010e-06 1.432896e-06 1.488924e-06 1.399994e-06 1.427174e-06 1.472950e-06 0.000000e+00 1.462936e-06 1.451015e-06 1.424074e-06 1.437902e-06 1.505136e-06 1.443863e-06 1.459122e-06 2.485991e-06 2.547979e-06 2.398014e-06 2.430201e-06 2.449989e-06 2.484083e-06 2.443075e-06 2.422094e-06 2.466202e-06 2.405882e-06 2.473116e-06 2.447844e-06 2.503872e-06 2.424955e-06 2.501011e-06 2.410173e-06 3.390074e-06 3.386021e-06 3.376007e-06 3.371954e-06 3.451109e-06 3.361940e-06 3.357887e-06 3.396988e-06 3.401041e-06 3.414869e-06 3.404140e-06 3.504992e-06 3.407001e-06 3.416061e-06 3.380060e-06 3.401995e-06 3.784895e-06 3.806829e-06 3.833055e-06 3.814936e-06 3.850937e-06 3.937006e-06 3.825903e-06 3.952026e-06 3.906965e-06 3.982067e-06 3.829956e-06 3.788948e-06 3.861904e-06 3.777981e-06 3.803015e-06 3.813028e-06 3.453970e-06 3.448963e-06 3.424883e-06 3.444195e-06 3.474951e-06 3.407001e-06 3.431082e-06 3.461838e-06 3.597975e-06 3.417969e-06 3.456831e-06 3.449917e-06 3.442049e-06 3.443003e-06 3.470182e-06 3.498077e-06 3.850937e-06 3.813028e-06 3.862143e-06 3.921032e-06 3.802061e-06 3.863811e-06 3.893852e-06 3.873110e-06 3.887177e-06 3.879786e-06 3.856897e-06 4.049063e-06 3.921032e-06 3.890991e-06 3.940105e-06 3.937960e-06 3.496885e-06 3.473043e-06 3.477097e-06 3.496170e-06 3.526211e-06 3.515959e-06 3.606081e-06 3.515959e-06 3.509045e-06 3.477097e-06 3.520012e-06 3.542900e-06 3.544807e-06 3.589869e-06 3.566027e-06 3.575087e-06 3.967047e-06 3.973961e-06 3.969908e-06 3.937960e-06 3.923178e-06 3.994942e-06 3.991127e-06 3.964186e-06 4.016161e-06 3.968954e-06 3.961086e-06 3.962040e-06 4.048109e-06 4.056931e-06 4.114866e-06 4.127026e-06 
1.465797e-06 1.497030e-06 1.497984e-06 1.435995e-06 1.421928e-06 1.460075e-06 1.435995e-06 1.437187e-06 1.462936e-06 0.000000e+00 1.452923e-06 1.414061e-06 1.430035e-06 1.493931e-06 1.477003e-06 1.484871e-06 2.381802e-06 2.463102e-06 2.494812e-06 2.533913e-06 2.380133e-06 2.475023e-06 2.526999e-06 2.454042e-06 2.486944e-06 2.457142e-06 2.426147e-06 2.497911e-06 2.484083e-06 2.502918e-06 2.499104e-06 2.514839e-06 3.470898e-06 3.377914e-06 3.381968e-06 3.360987e-06 3.347874e-06 3.341198e-06 3.360033e-06 3.381014e-06 3.369093e-06 3.350019e-06 3.361940e-06 3.398180e-06 3.456116e-06 3.386021e-06 3.511906e-06 3.365993e-06 3.818035e-06 3.844023e-06 3.883839e-06 3.798008e-06 3.823042e-06 3.848076e-06 3.768921e-06 3.772020e-06 3.803015e-06 3.789902e-06 3.841162e-06 3.807068e-06 3.872871e-06 3.865957e-06 3.828049e-06 3.813028e-06 3.431082e-06 3.432035e-06 3.407001e-06 3.442049e-06 3.476143e-06 3.466845e-06 3.428221e-06 3.483057e-06 3.534079e-06 3.537178e-06 3.556013e-06 3.571987e-06 3.524065e-06 3.559113e-06 3.584862e-06 3.587008e-06 3.841162e-06 3.857851e-06 3.860950e-06 3.920794e-06 3.875017e-06 3.837824e-06 3.889084e-06 3.871918e-06 3.932953e-06 3.834009e-06 3.843784e-06 3.887892e-06 3.999949e-06 3.937960e-06 3.973007e-06 3.923893e-06 3.513098e-06 3.443956e-06 3.475189e-06 3.489017e-06 3.517866e-06 3.538132e-06 3.593206e-06 3.568888e-06 3.534794e-06 3.651142e-06 3.518105e-06 3.570080e-06 3.535986e-06 3.576994e-06 3.731012e-06 3.688812e-06 4.040956e-06 3.973961e-06 4.052877e-06 4.034996e-06 4.057169e-06 4.025936e-06 4.015207e-06 4.059076e-06 3.969908e-06 3.943920e-06 3.957987e-06 3.975153e-06 4.069090e-06 4.055977e-06 4.117966e-06 4.215956e-06 
1.487017e-06 1.487970e-06 1.451969e-06 1.446962e-06 1.439095e-06 1.436949e-06 1.455069e-06 1.419067e-06 1.451015e-06 1.452923e-06 0.000000e+00 1.405954e-06 1.421928e-06 1.482010e-06 1.464128e-06 1.471996e-06 2.499104e-06 2.533913e-06 2.526999e-06 2.432108e-06 2.396822e-06 2.413988e-06 2.479076e-06 2.378941e-06 2.409935e-06 2.393961e-06 2.394915e-06 2.482176e-06 2.511024e-06 2.452135e-06 2.542019e-06 2.533197e-06 3.403902e-06 3.379107e-06 3.415108e-06 3.459930e-06 3.437996e-06 3.501892e-06 3.528118e-06 3.480196e-06 3.442049e-06 3.384829e-06 3.365993e-06 3.399849e-06 3.385067e-06 3.390074e-06 3.401041e-06 3.376961e-06 3.772020e-06 3.812075e-06 3.857851e-06 3.819942e-06 3.861189e-06 3.820896e-06 3.783941e-06 3.793001e-06 3.767967e-06 3.778934e-06 3.791809e-06 3.798008e-06 3.783941e-06 3.811121e-06 3.859997e-06 3.866911e-06 3.463030e-06 3.443003e-06 3.412008e-06 3.430128e-06 3.550053e-06 3.417015e-06 3.420115e-06 3.459930e-06 4.759073e-06 3.494978e-06 3.425121e-06 3.448009e-06 3.471136e-06 3.463984e-06 3.520012e-06 3.547192e-06 4.055977e-06 3.954887e-06 3.880024e-06 3.977776e-06 3.865957e-06 4.655123e-06 3.962994e-06 3.924847e-06 3.923178e-06 4.065990e-06 3.859043e-06 3.919125e-06 3.927946e-06 3.968954e-06 3.990889e-06 3.930092e-06 3.543854e-06 3.529072e-06 3.530025e-06 3.530025e-06 3.546953e-06 3.551960e-06 3.597021e-06 3.504992e-06 3.504992e-06 3.506899e-06 3.496885e-06 3.659010e-06 3.654957e-06 3.720045e-06 3.560066e-06 3.616095e-06 3.918886e-06 3.994942e-06 3.985167e-06 4.040956e-06 4.030943e-06 4.016876e-06 4.001141e-06 3.973961e-06 3.944874e-06 4.029989e-06 3.968000e-06 4.022837e-06 4.071951e-06 4.087210e-06 4.106045e-06 4.122972e-06 
1.463890e-06 1.455784e-06 1.437902e-06 1.495838e-06 1.443148e-06 1.473904e-06 1.444101e-06 1.447916e-06 1.424074e-06 1.414061e-06 1.405954e-06 0.000000e+00 1.430035e-06 1.472950e-06 1.487017e-06 1.528978e-06 2.644777e-06 2.524853e-06 2.464056e-06 2.488136e-06 2.444983e-06 2.500057e-06 2.421856e-06 2.461910e-06 2.464056e-06 2.544880e-06 2.376080e-06 2.521992e-06 2.518892e-06 2.465010e-06 2.461910e-06 2.490997e-06 3.512859e-06 3.609896e-06 3.460884e-06 3.568888e-06 3.655910e-06 3.703117e-06 3.611088e-06 3.453016e-06 3.381014e-06 3.381014e-06 3.367901e-06 3.345013e-06 3.340006e-06 3.396034e-06 3.628969e-06 3.397942e-06 3.859997e-06 3.826141e-06 3.814936e-06 3.813028e-06 3.834009e-06 3.895044e-06 3.764868e-06 3.817081e-06 3.800869e-06 3.793001e-06 3.836870e-06 3.818035e-06 3.894091e-06 3.859043e-06 3.818989e-06 3.821135e-06 7.735968e-06 3.467083e-06 3.440857e-06 4.656076e-06 3.908873e-06 3.494978e-06 3.438950e-06 3.460884e-06 3.487110e-06 3.444910e-06 3.484964e-06 3.506184e-06 3.484964e-06 3.489017e-06 3.478050e-06 3.497839e-06 3.905058e-06 3.882170e-06 3.903151e-06 3.931999e-06 3.930092e-06 4.009008e-06 4.007101e-06 3.969908e-06 4.072905e-06 3.973961e-06 3.964901e-06 3.942966e-06 3.937006e-06 3.969908e-06 3.959894e-06 3.956079e-06 3.537893e-06 3.482103e-06 3.540993e-06 3.489971e-06 3.534079e-06 3.566980e-06 3.558874e-06 3.518105e-06 3.481150e-06 3.489017e-06 3.534079e-06 3.701210e-06 3.572941e-06 3.592014e-06 3.564835e-06 3.580093e-06 3.964901e-06 3.987074e-06 4.085064e-06 4.080057e-06 3.936052e-06 3.994942e-06 3.974915e-06 4.037857e-06 4.027128e-06 4.004002e-06 4.007101e-06 4.000187e-06 4.081964e-06 4.075050e-06 4.139900e-06 4.152060e-06 
1.456976e-06 1.443148e-06 1.478195e-06 1.396179e-06 1.428843e-06 1.424789e-06 1.441956e-06 1.444101e-06 1.437902e-06 1.430035e-06 1.421928e-06 1.430035e-06 0.000000e+00 1.508951e-06 1.449108e-06 1.466036e-06 2.522945e-06 2.418041e-06 2.490044e-06 2.320051e-06 2.514839e-06 2.407074e-06 2.417088e-06 2.401114e-06 2.408981e-06 2.418995e-06 2.498150e-06 2.377987e-06 2.456903e-06 2.443075e-06 2.489090e-06 2.439022e-06 3.407955e-06 3.346920e-06 3.325939e-06 3.437996e-06 3.354073e-06 3.381014e-06 3.370047e-06 3.407001e-06 3.370047e-06 3.364086e-06 3.414869e-06 3.427982e-06 3.355026e-06 3.398180e-06 3.419876e-06 3.427982e-06 3.875017e-06 3.825188e-06 3.862858e-06 3.879070e-06 3.865004e-06 3.889799e-06 3.819942e-06 3.862858e-06 3.851175e-06 3.838778e-06 3.836870e-06 3.851891e-06 3.895998e-06 3.920078e-06 3.947973e-06 3.926039e-06 3.434181e-06 3.433943e-06 3.453016e-06 3.433943e-06 3.441811e-06 3.442049e-06 3.468037e-06 3.433943e-06 3.449917e-06 3.493786e-06 3.485203e-06 3.604174e-06 3.585815e-06 3.597021e-06 3.627062e-06 3.651142e-06 3.982782e-06 3.941059e-06 4.030943e-06 3.900051e-06 4.101992e-06 3.899097e-06 3.942013e-06 3.949165e-06 3.884077e-06 3.943920e-06 3.964901e-06 3.952980e-06 4.034996e-06 3.983021e-06 3.957987e-06 3.930092e-06 3.462076e-06 3.480196e-06 3.509045e-06 3.499031e-06 3.557920e-06 3.561020e-06 3.551006e-06 3.541946e-06 3.530979e-06 3.497124e-06 3.539085e-06 3.506184e-06 3.558159e-06 3.566980e-06 3.629923e-06 3.586054e-06 3.957987e-06 3.979921e-06 4.065037e-06 4.064083e-06 4.040956e-06 4.102945e-06 3.973961e-06 3.974915e-06 3.992081e-06 3.992796e-06 4.113913e-06 4.034996e-06 4.097939e-06 4.088879e-06 4.120111e-06 4.173994e-06 
1.507998e-06 1.512051e-06 1.479864e-06 1.452923e-06 1.423836e-06 1.498222e-06 1.455069e-06 1.473188e-06 1.505136e-06 1.493931e-06 1.482010e-06 1.472950e-06 1.508951e-06 0.000000e+00 1.516104e-06 1.447916e-06 2.532005e-06 2.518892e-06 2.465963e-06 2.506971e-06 2.439976e-06 2.493858e-06 2.520084e-06 2.472878e-06 2.530098e-06 2.505064e-06 2.436876e-06 2.552986e-06 2.435207e-06 2.521992e-06 2.505779e-06 2.502918e-06 3.388166e-06 3.438950e-06 3.402948e-06 3.402948e-06 3.414869e-06 3.371954e-06 3.417015e-06 3.424168e-06 3.416061e-06 3.474951e-06 3.412008e-06 3.512859e-06 3.394127e-06 3.413916e-06 3.412008e-06 3.424883e-06 3.833055e-06 3.897905e-06 3.909111e-06 3.872871e-06 3.880024e-06 3.862143e-06 3.912210e-06 3.788948e-06 3.905058e-06 3.824949e-06 3.833055e-06 3.914118e-06 3.913879e-06 3.946066e-06 3.962040e-06 3.837109e-06 3.460884e-06 3.469944e-06 3.452063e-06 3.426075e-06 3.892183e-06 3.413916e-06 3.453016e-06 7.508993e-06 3.492117e-06 4.719019e-06 6.513119e-06 4.405022e-06 3.457069e-06 3.457069e-06 3.520012e-06 3.676891e-06 3.895044e-06 3.883123e-06 3.939867e-06 3.983974e-06 3.997087e-06 4.091978e-06 4.055977e-06 4.076004e-06 4.198074e-06 3.929138e-06 3.957987e-06 3.952980e-06 3.922939e-06 3.978968e-06 3.993988e-06 4.261971e-06 3.483057e-06 3.478050e-06 3.487110e-06 3.505945e-06 3.526926e-06 3.538847e-06 3.577948e-06 3.474951e-06 3.718138e-06 3.499985e-06 3.530025e-06 3.604889e-06 3.538132e-06 3.571033e-06 3.580093e-06 3.579855e-06 3.985882e-06 3.958941e-06 3.980875e-06 3.998995e-06 4.049063e-06 4.064083e-06 4.067898e-06 4.055977e-06 3.981113e-06 4.017115e-06 3.991127e-06 4.023075e-06 4.051924e-06 4.082918e-06 4.096985e-06 4.138947e-06 
1.538992e-06 1.519203e-06 1.507998e-06 1.509905e-06 1.528025e-06 1.461983e-06 1.471043e-06 1.462936e-06 1.443863e-06 1.477003e-06 1.464128e-06 1.487017e-06 1.449108e-06 1.516104e-06 0.000000e+00 1.525164e-06 2.534866e-06 2.501965e-06 2.508163e-06 2.410889e-06 2.534151e-06 2.513170e-06 2.516985e-06 2.464056e-06 2.419949e-06 2.550125e-06 2.480030e-06 2.392054e-06 2.441883e-06 2.676010e-06 2.568007e-06 2.601862e-06 3.399134e-06 3.395081e-06 3.458023e-06 3.417969e-06 3.381968e-06 3.471136e-06 3.371954e-06 3.422976e-06 3.432035e-06 3.399849e-06 3.373146e-06 3.386974e-06 3.388166e-06 3.405094e-06 3.368855e-06 3.417969e-06 3.945112e-06 3.858089e-06 3.937960e-06 3.822088e-06 3.847122e-06 3.846884e-06 3.834009e-06 3.831863e-06 3.809929e-06 3.817081e-06 3.837109e-06 3.907919e-06 3.970861e-06 3.859997e-06 3.924131e-06 3.840923e-06 3.450155e-06 3.520012e-06 3.564119e-06 3.623962e-06 3.455877e-06 3.431082e-06 3.427982e-06 3.440857e-06 3.436089e-06 3.470182e-06 3.504038e-06 3.479958e-06 3.455877e-06 3.474951e-06 3.470898e-06 3.530979e-06 3.872156e-06 3.868103e-06 3.906965e-06 3.917933e-06 3.960133e-06 3.896952e-06 3.925085e-06 3.933191e-06 3.939152e-06 3.932953e-06 3.928900e-06 3.957987e-06 3.947020e-06 3.993034e-06 4.063845e-06 4.011154e-06 3.688097e-06 3.643990e-06 3.515959e-06 3.534079e-06 3.560066e-06 3.577948e-06 3.603935e-06 3.582001e-06 3.552914e-06 3.661156e-06 3.540039e-06 3.616095e-06 3.594875e-06 3.596067e-06 3.607035e-06 3.599167e-06 3.988028e-06 3.996849e-06 4.044056e-06 4.050016e-06 4.051924e-06 4.102945e-06 4.135132e-06 4.120827e-06 4.010201e-06 4.034996e-06 4.074097e-06 4.038095e-06 4.113913e-06 4.121065e-06 4.167080e-06 4.155159e-06 
1.522064e-06 1.489878e-06 1.489878e-06 1.449108e-06 1.527071e-06 1.479149e-06 1.438856e-06 1.441002e-06 1.459122e-06 1.484871e-06 1.471996e-06 1.528978e-06 1.466036e-06 1.447916e-06 1.525164e-06 0.000000e+00 2.579927e-06 2.475023e-06 2.504110e-06 2.486944e-06 2.433062e-06 2.499104e-06 2.454042e-06 2.564907e-06 2.443075e-06 2.594948e-06 2.525091e-06 2.549887e-06 2.439022e-06 2.545834e-06 2.484083e-06 2.506971e-06 3.473997e-06 3.369808e-06 3.404140e-06 3.392935e-06 3.350973e-06 3.366947e-06 3.381968e-06 3.453016e-06 3.435135e-06 3.439903e-06 3.551006e-06 3.455877e-06 3.425837e-06 3.422022e-06 3.389120e-06 3.362179e-06 3.863096e-06 3.913879e-06 3.891945e-06 3.896952e-06 3.876925e-06 3.836870e-06 3.883123e-06 3.836870e-06 3.931046e-06 3.835917e-06 3.911018e-06 3.895998e-06 3.870010e-06 3.875017e-06 3.856897e-06 3.865957e-06 3.440857e-06 3.495932e-06 3.465176e-06 3.448009e-06 3.491879e-06 3.456116e-06 3.453016e-06 3.514051e-06 3.529072e-06 3.703833e-06 3.507137e-06 3.474951e-06 3.540993e-06 3.499985e-06 3.502131e-06 3.487825e-06 3.928900e-06 3.903151e-06 3.960848e-06 3.937006e-06 3.953934e-06 3.941059e-06 4.132986e-06 3.952980e-06 3.975153e-06 3.944874e-06 3.901005e-06 3.959894e-06 3.984928e-06 4.012108e-06 4.019976e-06 3.958941e-06 3.602982e-06 3.542900e-06 3.542900e-06 3.594160e-06 3.566027e-06 3.594160e-06 3.614902e-06 3.547907e-06 3.529072e-06 3.541946e-06 3.555059e-06 3.644943e-06 3.576040e-06 3.597021e-06 3.613949e-06 3.609896e-06 4.204988e-06 4.039049e-06 4.073143e-06 4.053831e-06 4.060984e-06 4.076958e-06 4.104853e-06 4.053831e-06 4.057169e-06 4.050970e-06 4.079103e-06 4.096985e-06 4.269123e-06 4.135132e-06 4.155159e-06 4.124165e-06 
2.584934e-06 2.379894e-06 2.529860e-06 2.470970e-06 2.436876e-06 2.456188e-06 2.378941e-06 2.418995e-06 2.485991e-06 2.381802e-06 2.499104e-06 2.644777e-06 2.522945e-06 2.532005e-06 2.534866e-06 2.579927e-06 0.000000e+00 1.501083e-06 1.563072e-06 1.446009e-06 1.456022e-06 1.471996e-06 1.451969e-06 1.452923e-06 1.436949e-06 1.527071e-06 1.479149e-06 1.497984e-06 1.535177e-06 1.537085e-06 1.497984e-06 1.513958e-06 3.715992e-06 3.683090e-06 3.761053e-06 3.745079e-06 3.751993e-06 3.799915e-06 3.760099e-06 3.861189e-06 3.772020e-06 3.952026e-06 3.848076e-06 3.802061e-06 3.823996e-06 3.819942e-06 3.839016e-06 3.736019e-06 4.237890e-06 4.287004e-06 4.257917e-06 4.365921e-06 4.268885e-06 4.350901e-06 4.264116e-06 4.258871e-06 4.272938e-06 4.269838e-06 4.333973e-06 4.313946e-06 4.269123e-06 4.343987e-06 4.451036e-06 4.299164e-06 3.950119e-06 3.918886e-06 3.841162e-06 3.926992e-06 3.889084e-06 4.004002e-06 3.983974e-06 3.990173e-06 3.950834e-06 3.912926e-06 3.975153e-06 3.978968e-06 3.950119e-06 3.938913e-06 3.965855e-06 4.076004e-06 4.379988e-06 4.372120e-06 4.409075e-06 4.436970e-06 4.425049e-06 4.330158e-06 4.359961e-06 4.369020e-06 4.389048e-06 4.446983e-06 4.382849e-06 4.318953e-06 4.420042e-06 4.446983e-06 4.679918e-06 4.391909e-06 3.977060e-06 3.920794e-06 3.964186e-06 3.974915e-06 4.009962e-06 3.997087e-06 4.043102e-06 4.001856e-06 3.887892e-06 3.952026e-06 4.217863e-06 3.939152e-06 3.987074e-06 4.008055e-06 4.612923e-06 4.061937e-06 4.453897e-06 4.523039e-06 4.550219e-06 4.467964e-06 4.401922e-06 4.554033e-06 4.705906e-06 4.433870e-06 4.483938e-06 4.509926e-06 4.505873e-06 4.534960e-06 4.536867e-06 4.575014e-06 4.559994e-06 4.612923e-06 
2.601147e-06 2.534866e-06 2.380133e-06 2.407074e-06 2.378941e-06 2.518892e-06 2.499819e-06 2.481937e-06 2.547979e-06 2.463102e-06 2.533913e-06 2.524853e-06 2.418041e-06 2.518892e-06 2.501965e-06 2.475023e-06 1.501083e-06 0.000000e+00 1.645088e-06 1.405954e-06 1.437902e-06 1.470089e-06 1.505136e-06 1.405954e-06 1.495123e-06 1.477003e-06 1.449108e-06 1.500130e-06 1.430988e-06 1.522064e-06 1.521111e-06 1.494884e-06 3.762960e-06 3.771067e-06 3.818989e-06 3.705978e-06 3.751040e-06 3.775835e-06 3.808022e-06 3.776073e-06 3.771782e-06 3.788948e-06 3.798008e-06 3.931046e-06 3.844023e-06 3.880024e-06 3.885031e-06 3.828049e-06 4.208088e-06 4.194975e-06 4.365206e-06 4.339933e-06 4.361868e-06 4.359007e-06 4.286051e-06 4.341841e-06 4.276991e-06 4.316092e-06 4.376888e-06 4.323006e-06 4.307985e-06 4.341125e-06 4.513025e-06 4.327059e-06 4.153967e-06 3.967047e-06 3.921032e-06 4.055977e-06 3.933191e-06 3.958225e-06 3.937960e-06 3.975868e-06 4.034042e-06 3.911972e-06 3.958941e-06 4.004002e-06 3.932953e-06 3.944159e-06 3.966093e-06 4.214048e-06 4.355192e-06 4.394054e-06 4.414082e-06 4.438877e-06 4.401922e-06 4.257202e-06 4.400969e-06 4.451036e-06 4.386902e-06 4.453182e-06 4.394054e-06 4.638910e-06 4.410028e-06 4.475117e-06 4.468918e-06 4.384041e-06 3.895044e-06 3.942966e-06 3.947020e-06 3.947020e-06 3.968954e-06 4.037857e-06 4.040956e-06 3.988981e-06 3.907919e-06 3.903866e-06 3.996849e-06 4.040003e-06 4.027843e-06 3.942966e-06 4.089117e-06 4.046917e-06 4.455090e-06 4.439116e-06 4.580975e-06 4.462957e-06 4.503965e-06 4.531145e-06 4.564047e-06 4.519939e-06 4.524946e-06 4.593134e-06 4.502058e-06 4.426956e-06 4.501820e-06 4.532099e-06 4.578114e-06 4.590034e-06 
2.490044e-06 2.424002e-06 2.453804e-06 2.411127e-06 2.434969e-06 2.537966e-06 2.410889e-06 2.426147e-06 2.398014e-06 2.494812e-06 2.526999e-06 2.464056e-06 2.490044e-06 2.465963e-06 2.508163e-06 2.504110e-06 1.563072e-06 1.645088e-06 0.000000e+00 1.528025e-06 1.491070e-06 1.435041e-06 1.487017e-06 1.405954e-06 1.493931e-06 1.492977e-06 1.440048e-06 1.486063e-06 1.417160e-06 1.488924e-06 1.499891e-06 1.507044e-06 3.949881e-06 4.091024e-06 3.978014e-06 3.941059e-06 4.119158e-06 3.775120e-06 3.824949e-06 3.868818e-06 3.829002e-06 3.861904e-06 3.805876e-06 3.901958e-06 3.838062e-06 3.939152e-06 3.893852e-06 3.789186e-06 4.247189e-06 4.257202e-06 4.245996e-06 4.277945e-06 4.317045e-06 4.227877e-06 4.323959e-06 4.337788e-06 4.314899e-06 4.344940e-06 4.367113e-06 4.336119e-06 4.339933e-06 4.329920e-06 4.361868e-06 4.323006e-06 4.055023e-06 3.968000e-06 4.115105e-06 3.902912e-06 3.862858e-06 4.154921e-06 3.912926e-06 3.929138e-06 3.850937e-06 3.935814e-06 3.933907e-06 3.885984e-06 3.865957e-06 3.978968e-06 3.991842e-06 3.974199e-06 4.347801e-06 4.596949e-06 4.384995e-06 4.433155e-06 4.420996e-06 4.455090e-06 4.502773e-06 4.475117e-06 4.523993e-06 4.521847e-06 4.362106e-06 4.403114e-06 4.415989e-06 4.489899e-06 4.438877e-06 4.410028e-06 3.871202e-06 3.914118e-06 3.973007e-06 3.968000e-06 3.997087e-06 4.019976e-06 4.002094e-06 3.906012e-06 3.988028e-06 4.031897e-06 3.939867e-06 4.128933e-06 4.077196e-06 4.050016e-06 4.054070e-06 4.037142e-06 4.518986e-06 4.459143e-06 4.554987e-06 4.498005e-06 4.493952e-06 4.672050e-06 4.538059e-06 4.542828e-06 4.521132e-06 4.467964e-06 4.492044e-06 4.482985e-06 4.894972e-06 4.569054e-06 4.590034e-06 4.640102e-06 
2.599001e-06 2.403021e-06 2.343178e-06 2.353191e-06 2.321005e-06 2.505064e-06 2.483845e-06 2.474785e-06 2.430201e-06 2.533913e-06 2.432108e-06 2.488136e-06 2.320051e-06 2.506971e-06 2.410889e-06 2.486944e-06 1.446009e-06 1.405954e-06 1.528025e-06 0.000000e+00 1.381159e-06 1.353979e-06 1.397133e-06 1.431942e-06 1.475096e-06 1.469135e-06 1.474142e-06 1.374960e-06 1.467943e-06 1.477957e-06 1.490116e-06 1.475096e-06 3.728867e-06 3.772020e-06 3.769875e-06 3.829002e-06 3.829956e-06 4.048824e-06 4.007101e-06 3.760815e-06 3.793001e-06 3.803015e-06 4.810810e-06 5.646944e-06 3.769875e-06 3.856897e-06 3.937960e-06 3.762007e-06 4.345894e-06 4.250050e-06 4.240990e-06 4.234076e-06 4.271984e-06 4.312038e-06 4.317045e-06 4.342079e-06 4.290104e-06 4.349947e-06 4.331827e-06 4.544973e-06 4.392862e-06 4.445076e-06 4.272938e-06 4.321814e-06 3.905773e-06 3.935099e-06 3.920078e-06 3.962994e-06 3.870964e-06 3.937960e-06 4.004955e-06 4.014969e-06 3.942966e-06 3.923178e-06 3.952980e-06 3.919840e-06 3.882885e-06 3.987074e-06 4.054785e-06 4.056931e-06 4.327059e-06 4.545927e-06 9.212017e-06 4.642010e-06 4.647017e-06 4.596949e-06 4.476070e-06 4.424095e-06 4.434109e-06 6.729126e-06 4.430056e-06 5.177975e-06 5.877018e-06 4.738092e-06 4.702091e-06 4.631042e-06 4.058123e-06 3.929138e-06 3.981113e-06 3.938913e-06 3.993988e-06 4.040003e-06 4.069805e-06 4.026890e-06 3.938913e-06 4.091978e-06 3.992081e-06 4.038095e-06 4.034996e-06 4.120111e-06 4.106998e-06 4.051208e-06 4.487991e-06 4.500866e-06 4.544020e-06 4.503965e-06 4.544973e-06 4.427910e-06 4.463196e-06 4.492998e-06 4.556894e-06 4.640818e-06 4.473925e-06 4.499197e-06 4.558802e-06 4.635096e-06 4.553080e-06 4.595041e-06 
2.542019e-06 2.494097e-06 2.524853e-06 2.350807e-06 2.449989e-06 2.432823e-06 2.479076e-06 2.320051e-06 2.449989e-06 2.380133e-06 2.396822e-06 2.444983e-06 2.514839e-06 2.439976e-06 2.534151e-06 2.433062e-06 1.456022e-06 1.437902e-06 1.491070e-06 1.381159e-06 0.000000e+00 1.425982e-06 1.448154e-06 1.408100e-06 1.410007e-06 1.430988e-06 1.420021e-06 1.389027e-06 1.478910e-06 1.445055e-06 1.440048e-06 1.457930e-06 3.622055e-06 3.643990e-06 3.755093e-06 3.706932e-06 3.815889e-06 3.782034e-06 3.766060e-06 3.983021e-06 3.773928e-06 3.851891e-06 3.832102e-06 3.813982e-06 3.881931e-06 3.801107e-06 3.843784e-06 3.801107e-06 4.218102e-06 4.277945e-06 4.245043e-06 4.302025e-06 4.409075e-06 4.338026e-06 4.493952e-06 4.867077e-06 4.404068e-06 4.301071e-06 4.308939e-06 4.307985e-06 4.232168e-06 4.353046e-06 4.451990e-06 4.345894e-06 3.919840e-06 3.905058e-06 3.907204e-06 3.836155e-06 3.856897e-06 3.916025e-06 3.895998e-06 4.122972e-06 3.955126e-06 3.911972e-06 3.993988e-06 3.965139e-06 4.004002e-06 3.937006e-06 3.952026e-06 3.962040e-06 4.395008e-06 4.362822e-06 4.398108e-06 4.462004e-06 4.421949e-06 4.397154e-06 4.382849e-06 4.415035e-06 4.442930e-06 4.441023e-06 4.356146e-06 4.359961e-06 4.504919e-06 4.497051e-06 4.657030e-06 4.477978e-06 4.004955e-06 3.977060e-06 3.942966e-06 3.963947e-06 4.024982e-06 4.078150e-06 4.079103e-06 3.968954e-06 4.063129e-06 3.965139e-06 4.151821e-06 4.017830e-06 3.968954e-06 3.993034e-06 4.051208e-06 4.119873e-06 4.563093e-06 4.505873e-06 4.476070e-06 4.488945e-06 4.507065e-06 4.512072e-06 4.579067e-06 4.504919e-06 4.503965e-06 4.456043e-06 4.533052e-06 4.574060e-06 4.567146e-06 4.641056e-06 4.650116e-06 4.700899e-06 
2.424955e-06 2.500057e-06 2.427101e-06 2.423048e-06 2.371073e-06 2.508879e-06 2.529860e-06 2.437115e-06 2.484083e-06 2.475023e-06 2.413988e-06 2.500057e-06 2.407074e-06 2.493858e-06 2.513170e-06 2.499104e-06 1.471996e-06 1.470089e-06 1.435041e-06 1.353979e-06 1.425982e-06 0.000000e+00 1.385927e-06 1.428843e-06 1.405001e-06 1.502037e-06 1.424074e-06 1.445055e-06 1.367092e-06 1.536846e-06 1.481056e-06 1.428843e-06 3.842115e-06 3.961086e-06 3.891945e-06 3.791809e-06 3.788948e-06 3.807783e-06 3.766060e-06 3.870964e-06 3.778934e-06 3.854036e-06 3.766060e-06 3.781080e-06 3.829956e-06 3.786087e-06 3.770113e-06 3.833055e-06 4.242897e-06 4.211903e-06 4.307032e-06 4.317045e-06 4.348993e-06 4.342079e-06 4.238129e-06 4.247904e-06 4.324198e-06 4.307985e-06 4.353046e-06 4.362106e-06 4.274130e-06 4.314899e-06 4.348993e-06 4.383087e-06 3.914118e-06 3.983021e-06 3.863096e-06 3.938913e-06 3.953934e-06 3.881931e-06 3.992081e-06 3.996849e-06 3.870010e-06 3.899097e-06 3.966808e-06 4.073143e-06 3.906012e-06 3.955841e-06 3.965855e-06 4.079103e-06 4.585981e-06 4.388809e-06 4.650116e-06 4.434109e-06 4.471064e-06 4.343987e-06 4.385948e-06 4.430056e-06 4.461050e-06 4.444838e-06 4.468918e-06 4.340172e-06 4.459143e-06 4.503965e-06 4.480839e-06 4.356861e-06 4.004002e-06 3.935099e-06 3.929853e-06 4.168987e-06 4.053831e-06 4.096031e-06 4.058838e-06 3.930092e-06 3.916025e-06 3.931999e-06 4.099131e-06 4.061937e-06 4.106045e-06 4.143000e-06 4.043818e-06 4.157066e-06 4.466057e-06 4.489899e-06 4.554033e-06 4.527092e-06 4.523993e-06 4.576921e-06 4.568100e-06 4.612923e-06 4.501104e-06 4.441977e-06 4.545927e-06 4.509211e-06 4.549026e-06 4.552841e-06 4.635096e-06 4.584074e-06 
2.512932e-06 2.449036e-06 2.475023e-06 2.449036e-06 2.407074e-06 2.424955e-06 2.456188e-06 2.372026e-06 2.443075e-06 2.526999e-06 2.479076e-06 2.421856e-06 2.417088e-06 2.520084e-06 2.516985e-06 2.454042e-06 1.451969e-06 1.505136e-06 1.487017e-06 1.397133e-06 1.448154e-06 1.385927e-06 0.000000e+00 1.413107e-06 1.434803e-06 1.416922e-06 1.452923e-06 1.433134e-06 1.422167e-06 1.488209e-06 1.456022e-06 1.415014e-06 3.861189e-06 3.746033e-06 3.878832e-06 3.767014e-06 3.757000e-06 3.758907e-06 3.778934e-06 3.798962e-06 3.931999e-06 4.093885e-06 4.299879e-06 4.604101e-06 6.726027e-06 4.291058e-06 4.108906e-06 3.837109e-06 4.305124e-06 4.306078e-06 4.335880e-06 4.307032e-06 4.328012e-06 4.299879e-06 4.315853e-06 4.343033e-06 4.365921e-06 4.454136e-06 4.433155e-06 4.472017e-06 4.375935e-06 4.342794e-06 4.390955e-06 4.320145e-06 3.957987e-06 3.921032e-06 3.945112e-06 3.921032e-06 3.937006e-06 3.971100e-06 3.966808e-06 3.907919e-06 3.928900e-06 4.009008e-06 3.835917e-06 3.950119e-06 4.011154e-06 3.988981e-06 3.919840e-06 3.975153e-06 4.422903e-06 4.482985e-06 4.467010e-06 4.323006e-06 4.539967e-06 4.483938e-06 4.438162e-06 4.410028e-06 4.308939e-06 4.393101e-06 4.481077e-06 4.503965e-06 4.397869e-06 4.510880e-06 4.431963e-06 6.418943e-06 3.967047e-06 3.974915e-06 3.973007e-06 4.004002e-06 4.004002e-06 3.995895e-06 4.024029e-06 3.927946e-06 4.009008e-06 4.230022e-06 4.077911e-06 3.983021e-06 4.024982e-06 4.112005e-06 4.085064e-06 4.066944e-06 4.420996e-06 4.560947e-06 4.485846e-06 4.518032e-06 4.513979e-06 4.713058e-06 4.476070e-06 4.420042e-06 4.522085e-06 4.478931e-06 4.561901e-06 4.564047e-06 4.594803e-06 4.541874e-06 4.650116e-06 4.607916e-06 
2.527952e-06 2.482176e-06 2.454042e-06 2.428055e-06 2.485991e-06 2.473116e-06 2.444029e-06 2.474070e-06 2.422094e-06 2.454042e-06 2.378941e-06 2.461910e-06 2.401114e-06 2.472878e-06 2.464056e-06 2.564907e-06 1.452923e-06 1.405954e-06 1.405954e-06 1.431942e-06 1.408100e-06 1.428843e-06 1.413107e-06 0.000000e+00 1.434803e-06 1.465082e-06 1.413822e-06 1.461983e-06 1.430988e-06 1.474857e-06 1.515865e-06 1.458168e-06 3.855944e-06 3.897190e-06 3.839016e-06 3.848076e-06 3.773928e-06 3.844023e-06 3.852129e-06 3.870010e-06 3.854036e-06 3.867149e-06 3.798962e-06 3.851175e-06 3.801823e-06 3.871918e-06 3.895998e-06 3.867865e-06 4.292011e-06 4.302979e-06 4.374981e-06 4.312038e-06 4.413128e-06 4.318953e-06 4.316807e-06 4.320860e-06 4.317045e-06 4.298925e-06 4.381895e-06 4.384995e-06 4.359961e-06 4.404068e-06 4.377127e-06 4.353046e-06 3.985167e-06 3.849030e-06 3.921986e-06 3.957987e-06 3.851891e-06 3.947020e-06 3.979206e-06 3.951788e-06 3.928185e-06 3.977060e-06 3.993988e-06 3.906965e-06 3.957033e-06 4.023075e-06 4.032135e-06 3.906965e-06 4.369020e-06 4.487991e-06 4.475117e-06 4.527092e-06 4.387856e-06 4.487991e-06 4.492998e-06 4.524946e-06 4.449844e-06 4.421949e-06 4.456043e-06 4.593849e-06 4.492044e-06 4.486084e-06 4.499912e-06 4.431009e-06 3.930092e-06 4.024029e-06 3.986835e-06 4.045010e-06 4.109144e-06 4.133940e-06 4.158020e-06 4.140139e-06 3.931046e-06 4.031897e-06 4.055977e-06 4.165888e-06 4.085779e-06 4.122972e-06 4.122972e-06 4.143953e-06 4.574776e-06 4.590988e-06 4.572868e-06 4.609823e-06 4.610062e-06 4.597902e-06 4.619837e-06 4.544020e-06 4.521132e-06 4.522085e-06 4.605055e-06 4.628897e-06 4.647017e-06 4.725933e-06 4.734039e-06 4.807949e-06 
