0.000000e+00 5.300045e-07 5.388260e-07 5.071163e-07 5.240440e-07 5.340576e-07 5.109310e-07 5.300045e-07 4.940033e-07 5.419254e-07 5.221367e-07 5.199909e-07 5.199909e-07 5.180836e-07 1.574039e-06 1.497030e-06 1.526117e-06 1.361132e-06 1.510143e-06 1.446009e-06 1.571178e-06 1.493931e-06 1.559973e-06 1.435995e-06 1.518965e-06 1.435995e-06 1.575947e-06 1.512051e-06 2.122879e-06 2.147913e-06 2.130032e-06 2.155066e-06 2.127886e-06 2.132893e-06 2.130985e-06 2.126932e-06 2.124071e-06 2.127171e-06 2.134085e-06 2.137899e-06 2.114058e-06 2.116919e-06 2.393007e-06 2.418041e-06 2.388000e-06 2.404928e-06 2.406120e-06 2.388000e-06 2.409935e-06 2.414942e-06 2.403021e-06 2.422094e-06 2.395153e-06 2.398968e-06 2.403975e-06 2.406120e-06 2.110004e-06 2.140045e-06 2.112865e-06 2.125978e-06 2.115965e-06 2.135992e-06 2.121925e-06 2.125978e-06 2.132177e-06 2.119064e-06 2.124071e-06 2.107859e-06 2.120018e-06 2.151012e-06 2.416849e-06 2.424002e-06 2.374172e-06 2.412081e-06 2.414942e-06 2.403021e-06 2.426147e-06 2.407074e-06 2.390862e-06 2.408981e-06 2.413988e-06 2.439022e-06 2.428055e-06 2.424002e-06 2.119064e-06 2.130032e-06 2.135992e-06 2.154112e-06 2.128124e-06 2.156973e-06 2.135992e-06 2.137899e-06 2.135038e-06 2.114058e-06 2.120972e-06 2.115965e-06 2.116919e-06 2.132893e-06 2.397060e-06 2.421141e-06 2.434015e-06 2.444983e-06 2.458096e-06 2.467155e-06 2.490997e-06 2.433062e-06 2.395868e-06 2.424002e-06 2.393961e-06 2.413034e-06 2.413988e-06 2.424002e-06 
5.300045e-07 0.000000e+00 5.240440e-07 5.321503e-07 5.140305e-07 5.009174e-07 5.269051e-07 5.190372e-07 5.230904e-07 5.109310e-07 5.178452e-07 5.118847e-07 5.090237e-07 5.228519e-07 1.183987e-06 1.494884e-06 1.327038e-06 1.525879e-06 1.423120e-06 1.501083e-06 1.317024e-06 1.596928e-06 1.379967e-06 1.451969e-06 1.343012e-06 1.417160e-06 1.333952e-06 1.576185e-06 2.127886e-06 2.123117e-06 2.141953e-06 2.133131e-06 2.130032e-06 2.113819e-06 2.125025e-06 2.120018e-06 2.119064e-06 2.141953e-06 2.113104e-06 2.123117e-06 2.099037e-06 2.137899e-06 2.399921e-06 2.390146e-06 2.393007e-06 2.393961e-06 2.410173e-06 2.429962e-06 2.405167e-06 2.429008e-06 2.404928e-06 2.378941e-06 2.377987e-06 2.419949e-06 2.401114e-06 2.405882e-06 2.117157e-06 2.104044e-06 2.112150e-06 2.126932e-06 2.110004e-06 2.113104e-06 2.127171e-06 2.119064e-06 2.119064e-06 2.094030e-06 2.120972e-06 2.110004e-06 2.115011e-06 2.118111e-06 2.410889e-06 2.388000e-06 2.412081e-06 2.408028e-06 2.386808e-06 2.395153e-06 2.411842e-06 2.412081e-06 2.390862e-06 2.401829e-06 2.413034e-06 2.419949e-06 2.429962e-06 2.408981e-06 2.115965e-06 2.140999e-06 2.138138e-06 2.160072e-06 2.138138e-06 2.174854e-06 2.131939e-06 2.121925e-06 2.140045e-06 2.122879e-06 2.110004e-06 2.116919e-06 2.134085e-06 2.136946e-06 2.424955e-06 2.430916e-06 2.419949e-06 2.438068e-06 2.461910e-06 2.450943e-06 2.491951e-06 2.471209e-06 2.404928e-06 2.384901e-06 2.436161e-06 2.420187e-06 2.405167e-06 2.406836e-06 
5.388260e-07 5.240440e-07 0.000000e+00 5.178452e-07 5.011559e-07 5.102158e-07 5.400181e-07 5.280972e-07 4.780293e-07 5.300045e-07 5.190372e-07 5.159378e-07 5.249977e-07 4.990101e-07 1.572132e-06 1.422882e-06 1.426935e-06 1.404047e-06 1.564026e-06 1.419067e-06 1.498938e-06 1.343012e-06 1.518965e-06 1.311779e-06 1.549006e-06 1.413107e-06 1.569033e-06 1.296043e-06 2.137899e-06 2.129078e-06 2.130032e-06 2.133846e-06 2.119064e-06 2.135038e-06 2.140045e-06 2.135038e-06 2.123117e-06 2.144098e-06 2.121925e-06 2.118111e-06 2.120018e-06 2.133846e-06 2.405882e-06 2.412081e-06 2.387047e-06 2.420902e-06 2.410889e-06 2.417088e-06 2.398014e-06 2.367020e-06 2.407074e-06 2.416849e-06 2.402067e-06 2.413988e-06 2.416134e-06 2.414942e-06 2.130985e-06 2.120018e-06 2.115011e-06 2.115965e-06 2.105951e-06 2.098083e-06 2.114058e-06 2.125978e-06 2.110958e-06 2.118111e-06 2.114058e-06 2.130985e-06 2.124071e-06 2.135038e-06 2.402782e-06 2.449989e-06 2.377033e-06 2.408981e-06 2.392054e-06 2.398968e-06 2.393961e-06 2.372980e-06 2.419949e-06 2.399206e-06 2.403975e-06 2.460957e-06 2.388954e-06 2.414942e-06 2.137184e-06 2.134085e-06 2.137899e-06 2.148151e-06 2.145052e-06 2.142906e-06 2.117872e-06 2.120018e-06 2.120972e-06 2.115011e-06 2.113104e-06 2.143860e-06 2.142906e-06 2.151966e-06 2.417088e-06 2.429008e-06 2.451181e-06 2.459049e-06 2.467155e-06 2.455950e-06 2.463102e-06 2.389908e-06 2.413988e-06 2.388954e-06 2.399206e-06 2.400160e-06 2.410889e-06 2.454996e-06 
5.071163e-07 5.321503e-07 5.178452e-07 0.000000e+00 5.521774e-07 5.400181e-07 5.171299e-07 5.121231e-07 5.359650e-07 5.130768e-07 4.971027e-07 5.159378e-07 5.168915e-07 5.171299e-07 1.131058e-06 1.410961e-06 1.482010e-06 1.506090e-06 1.417875e-06 1.545906e-06 1.416206e-06 1.518965e-06 1.497984e-06 1.461029e-06 1.400948e-06 1.595974e-06 1.403093e-06 1.551151e-06 2.150059e-06 2.135992e-06 2.136946e-06 2.120018e-06 2.122164e-06 2.130985e-06 2.122879e-06 2.125978e-06 2.125978e-06 2.112865e-06 2.126932e-06 2.135038e-06 2.134085e-06 2.129078e-06 2.406120e-06 2.391100e-06 2.424955e-06 2.388954e-06 2.424955e-06 2.391100e-06 2.405882e-06 2.399921e-06 2.377033e-06 2.411127e-06 2.415180e-06 2.404928e-06 2.404928e-06 2.418041e-06 2.116203e-06 2.120018e-06 2.130985e-06 2.129793e-06 2.116919e-06 2.131939e-06 2.124071e-06 2.117157e-06 2.135992e-06 2.110004e-06 2.113819e-06 2.110958e-06 2.127171e-06 2.129078e-06 2.397060e-06 2.392054e-06 2.388954e-06 2.398014e-06 2.381086e-06 2.371073e-06 2.407074e-06 2.398014e-06 2.388000e-06 2.390862e-06 2.402067e-06 2.408981e-06 2.405882e-06 2.433062e-06 2.109051e-06 2.113104e-06 2.129078e-06 2.145052e-06 2.159119e-06 2.130985e-06 2.139091e-06 2.133131e-06 2.132177e-06 2.107859e-06 2.110958e-06 2.128124e-06 2.102852e-06 2.269030e-06 2.382040e-06 2.403975e-06 2.421141e-06 2.442122e-06 2.449989e-06 2.464056e-06 2.461910e-06 2.482176e-06 2.388954e-06 2.387047e-06 2.398014e-06 2.398968e-06 2.384901e-06 2.403021e-06 
5.240440e-07 5.140305e-07 5.011559e-07 5.521774e-07 0.000000e+00 4.839897e-07 5.180836e-07 4.968643e-07 5.190372e-07 5.190372e-07 5.078316e-07 5.259514e-07 5.090237e-07 5.478859e-07 1.538992e-06 1.411915e-06 1.487017e-06 1.379013e-06 1.456022e-06 1.358032e-06 1.509905e-06 1.289845e-06 1.538038e-06 1.266956e-06 1.532078e-06 1.265049e-06 1.585007e-06 1.468897e-06 2.129793e-06 2.128839e-06 2.122164e-06 2.133846e-06 2.147913e-06 2.129078e-06 2.122879e-06 2.147913e-06 2.135038e-06 2.138853e-06 2.111912e-06 2.125978e-06 2.126217e-06 2.115011e-06 2.409935e-06 2.397060e-06 2.393961e-06 2.408028e-06 2.407074e-06 2.390146e-06 2.401114e-06 2.425909e-06 2.394199e-06 2.398014e-06 2.414942e-06 2.399921e-06 2.400160e-06 2.398014e-06 2.109051e-06 2.116919e-06 2.114058e-06 2.129078e-06 2.117157e-06 2.120018e-06 2.129078e-06 2.117157e-06 2.139091e-06 2.122879e-06 2.127886e-06 2.114058e-06 2.124786e-06 2.120972e-06 2.398968e-06 2.398968e-06 2.400875e-06 2.404928e-06 2.405882e-06 2.403021e-06 2.393007e-06 2.413988e-06 2.385855e-06 2.403021e-06 2.403021e-06 2.432108e-06 2.412796e-06 2.424955e-06 2.108097e-06 2.115011e-06 2.130032e-06 2.151966e-06 2.166033e-06 2.140999e-06 2.153873e-06 2.130985e-06 2.121925e-06 2.125978e-06 2.104998e-06 2.113104e-06 2.100945e-06 2.125978e-06 2.409935e-06 2.401829e-06 2.407074e-06 2.447844e-06 2.448082e-06 2.460957e-06 2.478123e-06 2.460957e-06 2.419949e-06 2.407074e-06 2.396107e-06 2.413034e-06 2.401114e-06 2.389908e-06 
5.340576e-07 5.009174e-07 5.102158e-07 5.400181e-07 4.839897e-07 0.000000e+00 5.149841e-07 5.409718e-07 5.421638e-07 5.300045e-07 5.159378e-07 5.249977e-07 5.469322e-07 5.519390e-07 1.461029e-06 1.584053e-06 1.420975e-06 1.573086e-06 1.379013e-06 1.551867e-06 1.405001e-06 1.527071e-06 1.469851e-06 1.391172e-06 1.399994e-06 1.492023e-06 1.400948e-06 1.567125e-06 2.137899e-06 2.136946e-06 2.133846e-06 2.153873e-06 2.127171e-06 2.138138e-06 2.136946e-06 2.155066e-06 2.112865e-06 2.144098e-06 2.135992e-06 2.110958e-06 2.130032e-06 2.149105e-06 2.399921e-06 2.423048e-06 2.427816e-06 2.408981e-06 2.406120e-06 2.402067e-06 2.415895e-06 2.407074e-06 2.404928e-06 2.432108e-06 2.419949e-06 2.428055e-06 2.411127e-06 2.405882e-06 2.111912e-06 2.134085e-06 2.123833e-06 2.135038e-06 2.124071e-06 2.102852e-06 2.119064e-06 2.147913e-06 2.119064e-06 2.140045e-06 2.103090e-06 2.146006e-06 2.140045e-06 2.134085e-06 2.389908e-06 2.414942e-06 2.421141e-06 2.411127e-06 2.409935e-06 2.435923e-06 2.410889e-06 2.419949e-06 2.399921e-06 2.383947e-06 2.413988e-06 2.464056e-06 2.417088e-06 2.416849e-06 2.137899e-06 2.120018e-06 2.140999e-06 2.136946e-06 2.145052e-06 2.149105e-06 2.147913e-06 2.146006e-06 2.148151e-06 2.114058e-06 2.150059e-06 2.115011e-06 2.165079e-06 2.148151e-06 2.410889e-06 2.419949e-06 2.424002e-06 2.450943e-06 2.474785e-06 2.506018e-06 2.461910e-06 2.489805e-06 2.437115e-06 2.404928e-06 2.430916e-06 2.399921e-06 2.399921e-06 2.408981e-06 
5.109310e-07 5.269051e-07 5.400181e-07 5.171299e-07 5.180836e-07 5.149841e-07 0.000000e+00 5.218983e-07 5.359650e-07 5.278587e-07 5.249977e-07 5.528927e-07 5.319118e-07 5.469322e-07 1.447916e-06 1.326084e-06 1.475096e-06 1.365185e-06 1.471043e-06 1.274109e-06 1.464844e-06 1.021862e-06 1.585960e-06 1.294136e-06 1.574993e-06 1.435995e-06 1.576900e-06 1.451969e-06 2.161026e-06 2.136946e-06 2.104044e-06 2.143860e-06 2.160072e-06 2.130985e-06 2.116919e-06 2.144098e-06 2.122164e-06 2.145052e-06 2.201796e-06 2.109051e-06 2.139091e-06 2.153873e-06 2.406120e-06 2.408981e-06 2.416849e-06 2.391815e-06 2.423048e-06 2.416134e-06 2.414227e-06 2.393007e-06 2.372026e-06 2.405882e-06 2.423048e-06 2.390862e-06 2.413988e-06 2.455950e-06 2.105951e-06 2.117872e-06 2.125025e-06 2.122879e-06 2.123833e-06 2.129078e-06 2.131939e-06 2.126932e-06 2.125025e-06 2.131939e-06 2.129078e-06 2.128839e-06 2.149105e-06 2.121210e-06 2.444983e-06 2.404928e-06 2.400160e-06 2.436161e-06 2.410173e-06 2.433062e-06 2.418995e-06 2.424955e-06 2.417088e-06 2.421141e-06 2.386808e-06 2.430916e-06 2.430916e-06 2.398968e-06 2.115011e-06 2.104998e-06 2.119064e-06 2.156019e-06 2.140045e-06 2.106905e-06 2.146959e-06 2.112865e-06 2.146959e-06 2.103090e-06 2.109051e-06 2.103090e-06 2.104998e-06 2.134800e-06 2.405167e-06 2.410889e-06 2.403021e-06 2.455950e-06 2.455950e-06 2.463102e-06 2.475977e-06 2.473116e-06 2.407074e-06 2.413034e-06 2.378941e-06 2.411842e-06 2.393961e-06 2.410889e-06 
5.300045e-07 5.190372e-07 5.280972e-07 5.121231e-07 4.968643e-07 5.409718e-07 5.218983e-07 0.000000e+00 5.049706e-07 5.440712e-07 4.980564e-07 4.968643e-07 5.161762e-07 5.030632e-07 1.441956e-06 1.564026e-06 1.365900e-06 1.551151e-06 1.399994e-06 1.464844e-06 1.269102e-06 1.564026e-06 1.368046e-06 1.557112e-06 1.397133e-06 1.499176e-06 1.348972e-06 1.461029e-06 2.157927e-06 2.125978e-06 2.125978e-06 2.140999e-06 2.135038e-06 2.136946e-06 2.125025e-06 2.127886e-06 2.135038e-06 2.123117e-06 2.122164e-06 2.151966e-06 2.127171e-06 2.135038e-06 2.412796e-06 2.397060e-06 2.404928e-06 2.408028e-06 2.377033e-06 2.405882e-06 2.426147e-06 2.425194e-06 2.414227e-06 2.408981e-06 2.395868e-06 2.389908e-06 2.399921e-06 2.416134e-06 2.104998e-06 2.115011e-06 2.120972e-06 2.125025e-06 2.113819e-06 2.104044e-06 2.134085e-06 2.122164e-06 2.125025e-06 2.121925e-06 2.129078e-06 2.116919e-06 2.130032e-06 2.149820e-06 2.400875e-06 2.418995e-06 2.392054e-06 2.394915e-06 2.391100e-06 2.398014e-06 2.408028e-06 2.415895e-06 2.429008e-06 2.403975e-06 2.424002e-06 2.423048e-06 2.433062e-06 2.433062e-06 2.123117e-06 2.128839e-06 2.130032e-06 2.156973e-06 2.166986e-06 2.146006e-06 2.112865e-06 2.122879e-06 2.125978e-06 2.104998e-06 2.120018e-06 2.144098e-06 2.141953e-06 2.133846e-06 2.409935e-06 2.418995e-06 2.453804e-06 2.457857e-06 2.470016e-06 2.470970e-06 2.465963e-06 2.434015e-06 2.403975e-06 2.404928e-06 2.390862e-06 2.375841e-06 2.390146e-06 2.408981e-06 
4.940033e-07 5.230904e-07 4.780293e-07 5.359650e-07 5.190372e-07 5.421638e-07 5.359650e-07 5.049706e-07 0.000000e+00 5.300045e-07 5.178452e-07 5.090237e-07 5.400181e-07 5.319118e-07 1.611948e-06 1.363993e-06 1.509905e-06 1.294136e-06 1.574039e-06 1.406908e-06 1.541138e-06 1.401901e-06 1.468897e-06 1.421928e-06 1.540184e-06 1.484871e-06 1.569986e-06 1.355171e-06 2.131939e-06 2.135038e-06 2.140045e-06 2.140999e-06 2.124071e-06 2.121925e-06 2.140045e-06 2.134085e-06 2.151012e-06 2.136946e-06 2.136946e-06 2.135038e-06 2.134085e-06 2.147198e-06 2.414942e-06 2.394915e-06 2.415180e-06 2.418041e-06 2.397060e-06 2.401829e-06 2.408981e-06 2.399921e-06 2.420902e-06 2.391815e-06 2.413988e-06 2.390862e-06 2.395868e-06 2.428770e-06 2.126217e-06 2.122164e-06 2.126932e-06 2.112150e-06 2.136946e-06 2.125978e-06 2.139091e-06 2.144098e-06 2.128839e-06 2.130985e-06 2.131939e-06 2.111912e-06 2.123117e-06 2.153158e-06 2.390862e-06 2.426863e-06 2.405167e-06 2.410173e-06 2.430916e-06 2.377033e-06 2.453804e-06 2.407789e-06 2.410889e-06 2.412081e-06 2.411842e-06 2.429008e-06 2.429962e-06 2.406120e-06 2.151012e-06 2.132893e-06 2.143860e-06 2.132893e-06 2.151966e-06 2.130032e-06 2.127886e-06 2.131939e-06 2.123833e-06 2.120018e-06 2.120018e-06 2.120972e-06 2.125025e-06 2.148867e-06 2.407074e-06 2.422094e-06 2.424955e-06 2.442122e-06 2.483845e-06 2.461910e-06 2.437115e-06 2.393007e-06 2.372980e-06 2.402782e-06 2.431154e-06 2.416849e-06 2.408028e-06 2.449036e-06 
5.419254e-07 5.109310e-07 5.300045e-07 5.130768e-07 5.190372e-07 5.300045e-07 5.278587e-07 5.440712e-07 5.300045e-07 0.000000e+00 5.118847e-07 5.319118e-07 5.400181e-07 5.588531e-07 1.327991e-06 1.573086e-06 1.425982e-06 1.518965e-06 1.451015e-06 1.573801e-06 1.391172e-06 1.692057e-06 1.338005e-06 1.553059e-06 1.422882e-06 1.533031e-06 1.368046e-06 1.538038e-06 2.125978e-06 2.129078e-06 2.125978e-06 2.123833e-06 2.135038e-06 2.140999e-06 2.151966e-06 2.132893e-06 2.126932e-06 2.122164e-06 2.105951e-06 2.132893e-06 2.128839e-06 2.137899e-06 2.376080e-06 2.417803e-06 2.401829e-06 2.401114e-06 2.393007e-06 2.383947e-06 2.411842e-06 2.405167e-06 2.372026e-06 2.397060e-06 2.404928e-06 2.403021e-06 2.385139e-06 2.408981e-06 2.115011e-06 2.116919e-06 2.120972e-06 2.110958e-06 2.130032e-06 2.099991e-06 2.126932e-06 2.122164e-06 2.125978e-06 2.111912e-06 2.108097e-06 2.130985e-06 2.106905e-06 2.124071e-06 2.394915e-06 2.392054e-06 2.408981e-06 2.408981e-06 2.390146e-06 2.375126e-06 2.408028e-06 2.408981e-06 2.388000e-06 2.402067e-06 2.403021e-06 2.409935e-06 2.420187e-06 2.422810e-06 2.113104e-06 2.115011e-06 2.138853e-06 2.151012e-06 2.126932e-06 2.140999e-06 2.137899e-06 2.104044e-06 2.117157e-06 2.124071e-06 2.105951e-06 2.104998e-06 2.119064e-06 2.139091e-06 2.405882e-06 2.400160e-06 2.419949e-06 2.437115e-06 2.464056e-06 2.467871e-06 2.455950e-06 2.470016e-06 2.416134e-06 2.408028e-06 2.381086e-06 2.393007e-06 2.414942e-06 2.413034e-06 
5.221367e-07 5.178452e-07 5.190372e-07 4.971027e-07 5.078316e-07 5.159378e-07 5.249977e-07 4.980564e-07 5.178452e-07 5.118847e-07 0.000000e+00 5.209446e-07 5.390644e-07 5.180836e-07 1.584053e-06 1.490831e-06 1.574993e-06 1.405001e-06 1.477003e-06 1.428843e-06 1.571894e-06 1.609802e-06 1.543999e-06 1.314878e-06 1.545906e-06 1.475096e-06 1.567841e-06 1.376867e-06 2.135038e-06 2.122164e-06 2.130985e-06 2.135038e-06 2.124071e-06 2.125025e-06 2.140045e-06 2.123117e-06 2.125025e-06 2.140999e-06 2.111197e-06 2.136946e-06 2.117872e-06 2.115011e-06 2.423048e-06 2.396107e-06 2.398014e-06 2.369165e-06 2.400875e-06 2.402067e-06 2.399921e-06 2.397060e-06 2.386093e-06 2.388954e-06 2.364874e-06 2.404928e-06 2.388954e-06 2.415895e-06 2.100945e-06 2.116919e-06 2.122164e-06 2.125025e-06 2.095938e-06 2.120972e-06 2.096891e-06 2.109051e-06 2.135038e-06 2.110004e-06 2.100945e-06 2.104044e-06 2.094984e-06 2.103806e-06 2.408981e-06 2.401114e-06 2.450943e-06 2.384901e-06 2.393007e-06 2.403021e-06 2.398968e-06 2.403021e-06 2.364159e-06 2.393961e-06 2.401829e-06 2.413988e-06 2.422094e-06 2.420902e-06 2.112865e-06 2.123117e-06 2.125978e-06 2.139091e-06 2.156973e-06 2.150059e-06 2.117872e-06 2.125978e-06 2.141953e-06 2.125025e-06 2.112150e-06 2.100945e-06 2.109051e-06 2.126217e-06 2.412081e-06 2.410173e-06 2.419949e-06 2.445936e-06 2.460003e-06 2.470970e-06 2.461910e-06 2.421141e-06 2.398968e-06 2.401829e-06 2.393961e-06 2.416134e-06 2.392054e-06 2.440929e-06 
5.199909e-07 5.118847e-07 5.159378e-07 5.159378e-07 5.259514e-07 5.249977e-07 5.528927e-07 4.968643e-07 5.090237e-07 5.319118e-07 5.209446e-07 0.000000e+00 5.109310e-07 5.459785e-07 1.510143e-06 1.533985e-06 1.353979e-06 1.569033e-06 1.302958e-06 1.548052e-06 1.403093e-06 1.559019e-06 1.473904e-06 1.611948e-06 1.332045e-06 1.552105e-06 1.482964e-06 1.568794e-06 2.148151e-06 2.120972e-06 2.120972e-06 2.111912e-06 2.130032e-06 2.128839e-06 2.125978e-06 2.132177e-06 2.133846e-06 2.144098e-06 2.139091e-06 2.134085e-06 2.121925e-06 2.146006e-06 2.395153e-06 2.423048e-06 2.388954e-06 2.377033e-06 2.424955e-06 2.400160e-06 2.408028e-06 2.423048e-06 2.398014e-06 2.383947e-06 2.422810e-06 2.406120e-06 2.403975e-06 2.424002e-06 2.094030e-06 2.123833e-06 2.106905e-06 2.124071e-06 2.104044e-06 2.103806e-06 2.129078e-06 2.130032e-06 2.118826e-06 2.124071e-06 2.137184e-06 2.113104e-06 2.141953e-06 2.142906e-06 2.408028e-06 2.409935e-06 2.420902e-06 2.414942e-06 2.413988e-06 2.433062e-06 2.390146e-06 2.408028e-06 2.424955e-06 2.409220e-06 2.420902e-06 2.425909e-06 2.417088e-06 2.421856e-06 2.149105e-06 2.145052e-06 2.156973e-06 2.144814e-06 2.135992e-06 2.175093e-06 2.171040e-06 2.140999e-06 2.140045e-06 2.147913e-06 2.142191e-06 2.130032e-06 2.127171e-06 2.150059e-06 2.408981e-06 2.421856e-06 2.435923e-06 2.433062e-06 2.468109e-06 2.451181e-06 2.485991e-06 2.439022e-06 2.382040e-06 2.397060e-06 2.405167e-06 2.401114e-06 2.368927e-06 2.383947e-06 
5.199909e-07 5.090237e-07 5.249977e-07 5.168915e-07 5.090237e-07 5.469322e-07 5.319118e-07 5.161762e-07 5.400181e-07 5.400181e-07 5.390644e-07 5.109310e-07 0.000000e+00 4.999638e-07 1.507998e-06 1.467943e-06 1.577139e-06 1.359940e-06 1.421928e-06 1.508951e-06 1.573086e-06 1.296043e-06 1.574039e-06 1.415968e-06 1.572847e-06 1.394033e-06 1.579046e-06 1.480103e-06 2.115011e-06 2.129793e-06 2.132893e-06 2.128124e-06 2.140045e-06 2.158165e-06 2.121925e-06 2.132893e-06 2.120018e-06 2.120018e-06 2.102852e-06 2.118111e-06 2.120972e-06 2.130032e-06 2.413988e-06 2.398968e-06 2.409220e-06 2.391100e-06 2.405167e-06 2.418995e-06 2.408028e-06 2.405882e-06 2.403021e-06 2.413988e-06 2.415895e-06 2.385139e-06 2.407074e-06 2.413988e-06 2.107859e-06 2.098083e-06 2.108812e-06 2.119064e-06 2.130032e-06 2.104044e-06 2.109051e-06 2.116919e-06 2.120018e-06 2.108097e-06 2.113104e-06 2.110958e-06 2.112150e-06 2.127171e-06 2.398968e-06 2.406120e-06 2.408981e-06 2.415180e-06 2.382994e-06 2.393961e-06 2.408028e-06 2.429008e-06 2.396822e-06 2.408028e-06 2.403975e-06 2.436161e-06 2.415895e-06 2.403021e-06 2.129078e-06 2.138138e-06 2.146959e-06 2.165079e-06 2.132893e-06 2.131939e-06 2.115011e-06 2.129793e-06 2.127171e-06 2.109051e-06 2.123117e-06 2.124786e-06 2.123117e-06 2.129078e-06 2.403975e-06 2.443075e-06 2.403975e-06 2.439976e-06 2.470016e-06 2.440929e-06 2.484798e-06 2.458096e-06 2.427101e-06 2.422094e-06 2.392054e-06 2.389908e-06 2.396822e-06 2.422810e-06 
5.180836e-07 5.228519e-07 4.990101e-07 5.171299e-07 5.478859e-07 5.519390e-07 5.469322e-07 5.030632e-07 5.319118e-07 5.588531e-07 5.180836e-07 5.459785e-07 4.999638e-07 0.000000e+00 1.565933e-06 1.542091e-06 1.031876e-06 1.477003e-06 1.327991e-06 1.545191e-06 1.356125e-06 1.553059e-06 1.366138e-06 1.487970e-06 1.370907e-06 1.503944e-06 1.394987e-06 1.569986e-06 2.130985e-06 2.152920e-06 2.118111e-06 2.147913e-06 2.119064e-06 2.138853e-06 2.141953e-06 2.124071e-06 2.112150e-06 2.143860e-06 2.122164e-06 2.112865e-06 2.114058e-06 2.125978e-06 2.456903e-06 2.402067e-06 2.392054e-06 2.441168e-06 2.402067e-06 2.404928e-06 2.393007e-06 2.408028e-06 2.406120e-06 2.412081e-06 2.406836e-06 2.398014e-06 2.401114e-06 2.403021e-06 2.120018e-06 2.115011e-06 2.122879e-06 2.121925e-06 2.119064e-06 2.110004e-06 2.115011e-06 2.131939e-06 2.120018e-06 2.117872e-06 2.114058e-06 2.121925e-06 2.127171e-06 2.121210e-06 2.392054e-06 2.382040e-06 2.418041e-06 2.402067e-06 2.412081e-06 2.389908e-06 2.415895e-06 2.443075e-06 2.384186e-06 2.382040e-06 2.392054e-06 2.425194e-06 2.424955e-06 2.407789e-06 2.131939e-06 2.120018e-06 2.142906e-06 2.140045e-06 2.148151e-06 2.101898e-06 2.139091e-06 2.120018e-06 2.135038e-06 2.092123e-06 2.101898e-06 2.122879e-06 2.131939e-06 2.129078e-06 2.373934e-06 2.408981e-06 2.414942e-06 2.449989e-06 2.449989e-06 2.474070e-06 2.475977e-06 2.460957e-06 2.408981e-06 2.390146e-06 2.422810e-06 2.406120e-06 2.411127e-06 2.388954e-06 
1.574039e-06 1.183987e-06 1.572132e-06 1.131058e-06 1.538992e-06 1.461029e-06 1.447916e-06 1.441956e-06 1.611948e-06 1.327991e-06 1.584053e-06 1.510143e-06 1.507998e-06 1.565933e-06 0.000000e+00 5.419254e-07 4.899502e-07 5.311966e-07 5.300045e-07 5.090237e-07 5.290508e-07 5.459785e-07 5.080700e-07 5.040169e-07 5.199909e-07 5.872250e-07 5.071163e-07 5.280972e-07 2.405882e-06 2.418041e-06 2.433062e-06 2.420902e-06 2.442122e-06 2.402067e-06 2.374887e-06 2.410173e-06 2.408028e-06 2.393961e-06 2.387047e-06 2.426863e-06 2.414942e-06 2.400160e-06 2.691031e-06 2.697945e-06 2.720118e-06 2.674103e-06 2.691031e-06 2.704859e-06 2.709866e-06 2.639055e-06 2.717972e-06 2.699137e-06 2.718925e-06 2.693176e-06 2.693176e-06 2.684116e-06 2.410889e-06 2.398968e-06 2.377033e-06 2.413988e-06 2.375126e-06 2.403975e-06 2.402782e-06 2.408028e-06 2.416849e-06 2.386093e-06 2.387047e-06 2.408981e-06 2.383232e-06 2.443075e-06 2.716064e-06 2.709150e-06 2.677917e-06 2.696037e-06 2.686977e-06 2.621889e-06 2.679825e-06 2.659082e-06 2.658129e-06 2.657890e-06 2.697945e-06 2.669096e-06 2.669096e-06 2.680063e-06 2.394199e-06 2.394199e-06 2.364874e-06 2.378941e-06 2.398968e-06 2.368927e-06 2.403021e-06 2.408028e-06 2.419949e-06 2.382040e-06 2.384901e-06 2.385139e-06 2.415895e-06 2.381086e-06 2.669811e-06 2.657890e-06 2.660036e-06 2.684116e-06 2.636909e-06 2.651930e-06 2.636909e-06 2.655029e-06 2.644062e-06 2.671003e-06 2.651930e-06 2.651930e-06 2.705097e-06 2.701998e-06 
1.497030e-06 1.494884e-06 1.422882e-06 1.410961e-06 1.411915e-06 1.584053e-06 1.326084e-06 1.564026e-06 1.363993e-06 1.573086e-06 1.490831e-06 1.533985e-06 1.467943e-06 1.542091e-06 5.419254e-07 0.000000e+00 5.021095e-07 5.190372e-07 5.090237e-07 5.130768e-07 5.359650e-07 5.221367e-07 5.109310e-07 5.130768e-07 5.080700e-07 5.321503e-07 5.190372e-07 5.218983e-07 2.455950e-06 2.443075e-06 2.395868e-06 2.457142e-06 2.431870e-06 2.457142e-06 2.404928e-06 2.411127e-06 2.432108e-06 2.418995e-06 2.425909e-06 2.479076e-06 2.465963e-06 2.436161e-06 2.685785e-06 2.686977e-06 2.707958e-06 2.662182e-06 2.691031e-06 2.677917e-06 2.668858e-06 2.704144e-06 2.670050e-06 2.692938e-06 2.664089e-06 2.709866e-06 2.713919e-06 2.691031e-06 2.394915e-06 2.388954e-06 2.398014e-06 2.375841e-06 2.415180e-06 2.411842e-06 2.389193e-06 2.384901e-06 2.430916e-06 2.408981e-06 2.420187e-06 2.430916e-06 2.400160e-06 2.410173e-06 2.677917e-06 2.650976e-06 2.719879e-06 2.655029e-06 2.670050e-06 2.695084e-06 2.698183e-06 2.691984e-06 2.718925e-06 2.687931e-06 2.686977e-06 2.702951e-06 2.690077e-06 2.655983e-06 2.401114e-06 2.376080e-06 2.406120e-06 2.400875e-06 2.405882e-06 2.407074e-06 2.387047e-06 2.372026e-06 2.413988e-06 2.411127e-06 2.417803e-06 2.421141e-06 2.414942e-06 2.378941e-06 2.711773e-06 2.717972e-06 2.647877e-06 2.670050e-06 2.635956e-06 2.635956e-06 2.680063e-06 2.676964e-06 2.689838e-06 2.666950e-06 2.687931e-06 2.665043e-06 2.684832e-06 2.691984e-06 
1.526117e-06 1.327038e-06 1.426935e-06 1.482010e-06 1.487017e-06 1.420975e-06 1.475096e-06 1.365900e-06 1.509905e-06 1.425982e-06 1.574993e-06 1.353979e-06 1.577139e-06 1.031876e-06 4.899502e-07 5.021095e-07 0.000000e+00 5.371571e-07 5.159378e-07 5.087852e-07 5.030632e-07 4.990101e-07 5.321503e-07 4.818439e-07 4.909039e-07 5.259514e-07 5.049706e-07 5.271435e-07 2.382994e-06 2.411127e-06 2.403021e-06 2.375126e-06 2.408028e-06 2.413988e-06 2.431154e-06 2.418995e-06 2.418995e-06 2.398968e-06 2.374172e-06 2.418995e-06 2.403975e-06 2.400160e-06 2.679110e-06 2.668858e-06 2.707005e-06 2.686977e-06 2.705097e-06 2.656937e-06 2.705097e-06 2.649069e-06 2.675056e-06 2.715826e-06 2.697945e-06 2.664804e-06 2.671957e-06 2.683878e-06 2.408981e-06 2.418995e-06 2.418041e-06 2.396107e-06 2.389908e-06 2.377987e-06 2.431870e-06 2.398968e-06 2.393007e-06 2.392054e-06 2.411127e-06 2.370119e-06 2.378941e-06 2.362013e-06 2.702951e-06 2.716064e-06 2.676010e-06 2.676010e-06 2.676964e-06 2.673149e-06 2.682924e-06 2.700090e-06 2.703905e-06 2.686024e-06 2.681017e-06 2.686024e-06 2.679825e-06 2.671003e-06 2.388954e-06 2.397060e-06 2.393961e-06 2.394915e-06 2.382994e-06 2.390146e-06 2.402067e-06 2.375126e-06 2.419949e-06 2.413034e-06 2.367973e-06 2.398968e-06 2.416849e-06 2.404928e-06 2.677202e-06 2.675056e-06 2.650023e-06 2.666950e-06 2.627134e-06 2.627134e-06 2.640963e-06 2.656937e-06 2.643824e-06 2.672195e-06 2.701998e-06 2.698898e-06 2.691984e-06 2.656937e-06 
1.361132e-06 1.525879e-06 1.404047e-06 1.506090e-06 1.379013e-06 1.573086e-06 1.365185e-06 1.551151e-06 1.294136e-06 1.518965e-06 1.405001e-06 1.569033e-06 1.359940e-06 1.477003e-06 5.311966e-07 5.190372e-07 5.371571e-07 0.000000e+00 5.171299e-07 5.071163e-07 5.209446e-07 5.300045e-07 5.290508e-07 4.830360e-07 5.359650e-07 5.178452e-07 4.930496e-07 5.321503e-07 2.455950e-06 2.388000e-06 2.418995e-06 2.398014e-06 2.400875e-06 2.412081e-06 2.419949e-06 2.408981e-06 2.395153e-06 2.399921e-06 2.401114e-06 2.403975e-06 2.418995e-06 2.411127e-06 2.696037e-06 2.710819e-06 2.699852e-06 2.685070e-06 2.670050e-06 2.656937e-06 2.661943e-06 2.712965e-06 2.683878e-06 2.660990e-06 2.682924e-06 2.674818e-06 2.680063e-06 2.701998e-06 2.377987e-06 2.389908e-06 2.393007e-06 2.407074e-06 2.394915e-06 2.397060e-06 2.384901e-06 2.389908e-06 2.399921e-06 2.398968e-06 2.388000e-06 2.402067e-06 2.371073e-06 2.390146e-06 2.694130e-06 2.715826e-06 2.678871e-06 2.660036e-06 2.695084e-06 2.677917e-06 2.683878e-06 2.663851e-06 2.673864e-06 2.650976e-06 2.668142e-06 2.686024e-06 2.688169e-06 2.679110e-06 2.413988e-06 2.385855e-06 2.374887e-06 2.399206e-06 2.367020e-06 2.377987e-06 2.406120e-06 2.372980e-06 2.405882e-06 2.408028e-06 2.376080e-06 2.399206e-06 2.383947e-06 2.413034e-06 2.659082e-06 2.661943e-06 2.676010e-06 2.702951e-06 2.655029e-06 2.641916e-06 2.640963e-06 2.642155e-06 2.696037e-06 2.647877e-06 2.621889e-06 2.665997e-06 2.668142e-06 2.689838e-06 
1.510143e-06 1.423120e-06 1.564026e-06 1.417875e-06 1.456022e-06 1.379013e-06 1.471043e-06 1.399994e-06 1.574039e-06 1.451015e-06 1.477003e-06 1.302958e-06 1.421928e-06 1.327991e-06 5.300045e-07 5.090237e-07 5.159378e-07 5.171299e-07 0.000000e+00 4.899502e-07 5.240440e-07 5.109310e-07 4.971027e-07 5.021095e-07 4.940033e-07 5.321503e-07 4.749298e-07 5.431175e-07 2.396822e-06 2.413034e-06 2.400160e-06 2.407074e-06 2.415895e-06 2.432823e-06 2.406120e-06 2.400875e-06 2.406836e-06 2.408981e-06 2.410173e-06 2.418041e-06 2.424002e-06 2.401829e-06 2.717018e-06 2.677917e-06 2.691984e-06 2.678871e-06 2.700090e-06 2.668858e-06 2.701044e-06 2.731085e-06 2.717972e-06 2.707005e-06 2.732992e-06 2.688885e-06 2.707958e-06 2.715111e-06 2.411127e-06 2.415895e-06 2.426147e-06 2.406120e-06 2.438784e-06 2.408028e-06 2.440214e-06 2.423048e-06 2.418995e-06 2.434015e-06 2.398014e-06 2.404213e-06 2.413988e-06 2.437115e-06 2.629995e-06 2.698183e-06 2.698898e-06 2.661943e-06 2.647877e-06 2.674818e-06 2.681971e-06 2.650976e-06 2.670050e-06 2.676964e-06 2.654076e-06 2.669096e-06 2.635002e-06 2.677917e-06 2.377987e-06 2.382040e-06 2.420902e-06 2.372026e-06 2.375841e-06 2.362013e-06 2.380848e-06 2.398968e-06 2.411127e-06 2.388000e-06 2.366066e-06 2.406120e-06 2.396822e-06 2.393007e-06 2.678156e-06 2.681017e-06 2.660990e-06 2.630949e-06 2.680063e-06 2.650023e-06 2.643824e-06 2.644062e-06 2.653122e-06 2.682924e-06 2.660036e-06 2.660990e-06 2.664804e-06 2.699137e-06 
1.446009e-06 1.501083e-06 1.419067e-06 1.545906e-06 1.358032e-06 1.551867e-06 1.274109e-06 1.464844e-06 1.406908e-06 1.573801e-06 1.428843e-06 1.548052e-06 1.508951e-06 1.545191e-06 5.090237e-07 5.130768e-07 5.087852e-07 5.071163e-07 4.899502e-07 0.000000e+00 5.531311e-07 5.190372e-07 5.228519e-07 5.259514e-07 5.218983e-07 5.218983e-07 4.770756e-07 4.889965e-07 2.411127e-06 2.407074e-06 2.409935e-06 2.374887e-06 2.389908e-06 2.391100e-06 2.427816e-06 2.409935e-06 2.427101e-06 2.386093e-06 2.405167e-06 2.391100e-06 2.391100e-06 2.416134e-06 2.699852e-06 2.689838e-06 2.661943e-06 2.681017e-06 2.712011e-06 2.712011e-06 2.707958e-06 2.723932e-06 2.709150e-06 2.676010e-06 2.678156e-06 2.689123e-06 2.680063e-06 2.668858e-06 2.417088e-06 2.402067e-06 2.390146e-06 2.398968e-06 2.398014e-06 2.389908e-06 2.423048e-06 2.386093e-06 2.398014e-06 2.407074e-06 2.384901e-06 2.399921e-06 2.421856e-06 2.421141e-06 2.655029e-06 2.658129e-06 2.671003e-06 2.698898e-06 2.688885e-06 2.676964e-06 2.669811e-06 2.630949e-06 2.670050e-06 2.681971e-06 2.671003e-06 2.712011e-06 2.680779e-06 2.695084e-06 2.400875e-06 2.415895e-06 2.411127e-06 2.393007e-06 2.403021e-06 2.410889e-06 2.398968e-06 2.403021e-06 2.421141e-06 2.382040e-06 2.379894e-06 2.393961e-06 2.403975e-06 2.368927e-06 2.702951e-06 2.650976e-06 2.672911e-06 2.682924e-06 2.658844e-06 2.635002e-06 2.662897e-06 2.659082e-06 2.650976e-06 2.675056e-06 2.674103e-06 2.680063e-06 2.684116e-06 2.659082e-06 
1.571178e-06 1.317024e-06 1.498938e-06 1.416206e-06 1.509905e-06 1.405001e-06 1.464844e-06 1.269102e-06 1.541138e-06 1.391172e-06 1.571894e-06 1.403093e-06 1.573086e-06 1.356125e-06 5.290508e-07 5.359650e-07 5.030632e-07 5.209446e-07 5.240440e-07 5.531311e-07 0.000000e+00 5.109310e-07 5.240440e-07 5.090237e-07 5.331039e-07 5.331039e-07 5.650520e-07 5.381107e-07 2.439976e-06 2.374887e-06 2.394915e-06 2.399921e-06 2.395153e-06 2.441168e-06 2.408028e-06 2.402067e-06 2.396107e-06 2.416849e-06 2.423048e-06 2.410889e-06 2.420902e-06 2.412081e-06 2.710104e-06 2.684116e-06 2.665997e-06 2.702951e-06 2.697945e-06 2.697945e-06 2.712011e-06 2.691031e-06 2.649069e-06 2.677917e-06 2.662182e-06 2.686977e-06 2.712965e-06 2.687931e-06 2.414942e-06 2.401114e-06 2.403975e-06 2.406120e-06 2.392054e-06 2.449989e-06 2.403975e-06 2.399206e-06 2.414942e-06 2.406120e-06 2.412081e-06 2.403021e-06 2.398014e-06 2.401829e-06 2.707958e-06 2.697945e-06 2.650976e-06 2.701998e-06 2.684832e-06 2.703190e-06 2.694130e-06 2.717972e-06 2.670050e-06 2.673149e-06 2.656221e-06 2.672911e-06 2.682209e-06 2.683163e-06 2.420902e-06 2.421141e-06 2.393007e-06 2.401114e-06 2.373934e-06 2.377033e-06 2.396107e-06 2.387047e-06 2.408028e-06 2.388954e-06 2.404928e-06 2.385855e-06 2.397060e-06 2.404928e-06 2.660990e-06 2.660036e-06 2.707958e-06 2.690077e-06 2.623081e-06 2.637863e-06 2.633095e-06 2.669096e-06 2.686977e-06 2.683163e-06 2.688169e-06 2.679110e-06 2.687216e-06 2.660990e-06 
1.493931e-06 1.596928e-06 1.343012e-06 1.518965e-06 1.289845e-06 1.527071e-06 1.021862e-06 1.564026e-06 1.401901e-06 1.692057e-06 1.609802e-06 1.559019e-06 1.296043e-06 1.553059e-06 5.459785e-07 5.221367e-07 4.990101e-07 5.300045e-07 5.109310e-07 5.190372e-07 5.109310e-07 0.000000e+00 5.688667e-07 5.249977e-07 5.090237e-07 5.140305e-07 5.037785e-07 5.159378e-07 2.412081e-06 2.417088e-06 2.407074e-06 2.394915e-06 2.413034e-06 2.396107e-06 2.460957e-06 2.400875e-06 2.403975e-06 2.431870e-06 2.443075e-06 2.399206e-06 2.428055e-06 2.413034e-06 2.710104e-06 2.726793e-06 2.661943e-06 2.674103e-06 2.711773e-06 2.706051e-06 2.698898e-06 2.677917e-06 2.685070e-06 2.700090e-06 2.637863e-06 2.687216e-06 2.668142e-06 2.672195e-06 2.411842e-06 2.396107e-06 2.401114e-06 2.382040e-06 2.411842e-06 2.412081e-06 2.404928e-06 2.398968e-06 2.402067e-06 2.383947e-06 2.413988e-06 2.417088e-06 2.393007e-06 2.408028e-06 2.672911e-06 2.707958e-06 2.659082e-06 2.712011e-06 2.713919e-06 2.690077e-06 2.722025e-06 2.691984e-06 2.707005e-06 2.712011e-06 2.707005e-06 2.663851e-06 2.695084e-06 2.730846e-06 2.420902e-06 2.429962e-06 2.437830e-06 2.401829e-06 2.439022e-06 2.429962e-06 2.393007e-06 2.370119e-06 2.396107e-06 2.374172e-06 2.410889e-06 2.391100e-06 2.430916e-06 2.385139e-06 2.661943e-06 2.675056e-06 2.694130e-06 2.676964e-06 2.648115e-06 2.649784e-06 2.643824e-06 2.661943e-06 2.652884e-06 2.667189e-06 2.671957e-06 2.686024e-06 2.670050e-06 2.719164e-06 
1.559973e-06 1.379967e-06 1.518965e-06 1.497984e-06 1.538038e-06 1.469851e-06 1.585960e-06 1.368046e-06 1.468897e-06 1.338005e-06 1.543999e-06 1.473904e-06 1.574039e-06 1.366138e-06 5.080700e-07 5.109310e-07 5.321503e-07 5.290508e-07 4.971027e-07 5.228519e-07 5.240440e-07 5.688667e-07 0.000000e+00 4.971027e-07 5.371571e-07 5.221367e-07 5.259514e-07 5.309582e-07 2.408981e-06 2.415895e-06 2.404928e-06 2.398968e-06 2.383947e-06 2.399206e-06 2.393961e-06 2.429962e-06 2.403975e-06 2.381086e-06 2.378941e-06 2.412081e-06 2.375841e-06 2.397060e-06 2.722025e-06 2.683878e-06 2.697945e-06 2.665043e-06 2.670050e-06 2.704859e-06 2.677917e-06 2.674103e-06 2.661943e-06 2.656937e-06 2.669096e-06 2.657175e-06 2.697945e-06 2.700806e-06 2.414942e-06 2.409935e-06 2.408981e-06 2.393007e-06 2.379179e-06 2.416849e-06 2.363205e-06 2.393007e-06 2.392054e-06 2.394915e-06 2.387047e-06 2.415895e-06 2.434015e-06 2.412081e-06 2.686024e-06 2.670050e-06 2.707005e-06 2.675056e-06 2.672911e-06 2.661943e-06 2.689838e-06 2.686977e-06 2.667904e-06 2.711058e-06 2.671957e-06 2.670050e-06 2.681971e-06 2.671003e-06 2.367020e-06 2.378941e-06 2.391815e-06 2.387047e-06 2.357960e-06 2.367973e-06 2.392054e-06 2.370834e-06 2.372980e-06 2.400160e-06 2.389908e-06 2.398014e-06 2.388954e-06 2.393961e-06 2.664089e-06 2.660990e-06 2.681971e-06 2.676010e-06 2.628088e-06 2.629995e-06 2.624035e-06 2.660036e-06 2.696037e-06 2.665043e-06 2.665043e-06 2.687931e-06 2.641916e-06 2.703905e-06 
1.435995e-06 1.451969e-06 1.311779e-06 1.461029e-06 1.266956e-06 1.391172e-06 1.294136e-06 1.557112e-06 1.421928e-06 1.553059e-06 1.314878e-06 1.611948e-06 1.415968e-06 1.487970e-06 5.040169e-07 5.130768e-07 4.818439e-07 4.830360e-07 5.021095e-07 5.259514e-07 5.090237e-07 5.249977e-07 4.971027e-07 0.000000e+00 5.128384e-07 5.211830e-07 4.940033e-07 4.880428e-07 2.429008e-06 2.377033e-06 2.402067e-06 2.396107e-06 2.405882e-06 2.405167e-06 2.396822e-06 2.418041e-06 2.406120e-06 2.388954e-06 2.413988e-06 2.403975e-06 2.433062e-06 2.379894e-06 2.639055e-06 2.685070e-06 2.676964e-06 2.700090e-06 2.671957e-06 2.686024e-06 2.709866e-06 2.701044e-06 2.670050e-06 2.691984e-06 2.704144e-06 2.673864e-06 2.663136e-06 2.691984e-06 2.372026e-06 2.389908e-06 2.413988e-06 2.404213e-06 2.402782e-06 2.387047e-06 2.405167e-06 2.373934e-06 2.411127e-06 2.403975e-06 2.377987e-06 2.395868e-06 2.416134e-06 2.399206e-06 2.680063e-06 2.674103e-06 2.686024e-06 2.683163e-06 2.659082e-06 2.670050e-06 2.628088e-06 2.659082e-06 2.672911e-06 2.660036e-06 2.660990e-06 2.677917e-06 2.677917e-06 2.668858e-06 2.409935e-06 2.402067e-06 2.397060e-06 2.398968e-06 2.403021e-06 2.387047e-06 2.366066e-06 2.391100e-06 2.408028e-06 2.357006e-06 2.388000e-06 2.390862e-06 2.402067e-06 2.397060e-06 2.707958e-06 2.657175e-06 2.629995e-06 2.696991e-06 2.641916e-06 2.627134e-06 2.641916e-06 2.631187e-06 2.686024e-06 2.657890e-06 2.680063e-06 2.667189e-06 2.660036e-06 2.679110e-06 
1.518965e-06 1.343012e-06 1.549006e-06 1.400948e-06 1.532078e-06 1.399994e-06 1.574993e-06 1.397133e-06 1.540184e-06 1.422882e-06 1.545906e-06 1.332045e-06 1.572847e-06 1.370907e-06 5.199909e-07 5.080700e-07 4.909039e-07 5.359650e-07 4.940033e-07 5.218983e-07 5.331039e-07 5.090237e-07 5.371571e-07 5.128384e-07 0.000000e+00 5.319118e-07 4.870892e-07 4.980564e-07 2.386093e-06 2.398014e-06 2.413988e-06 2.406836e-06 2.428055e-06 2.413034e-06 2.433062e-06 2.403021e-06 2.392054e-06 2.388000e-06 2.386093e-06 2.408981e-06 2.405167e-06 2.391100e-06 2.701998e-06 2.671003e-06 2.680063e-06 2.667904e-06 2.673149e-06 2.686024e-06 2.668858e-06 2.691031e-06 2.700806e-06 2.679825e-06 2.659082e-06 2.679825e-06 2.687931e-06 2.657175e-06 2.391815e-06 2.406836e-06 2.368927e-06 2.409935e-06 2.408981e-06 2.406836e-06 2.391100e-06 2.406836e-06 2.386808e-06 2.365112e-06 2.404928e-06 2.369881e-06 2.393007e-06 2.377033e-06 2.684116e-06 2.677202e-06 2.689838e-06 2.690077e-06 2.665997e-06 2.696991e-06 2.691031e-06 2.689123e-06 2.691984e-06 2.650976e-06 2.663851e-06 2.664089e-06 2.700090e-06 2.685070e-06 2.393007e-06 2.369881e-06 2.391100e-06 2.363920e-06 2.434015e-06 2.370119e-06 2.367020e-06 2.383947e-06 2.411127e-06 2.367020e-06 2.388954e-06 2.364874e-06 2.437830e-06 2.436161e-06 2.696991e-06 2.687931e-06 2.712965e-06 2.665997e-06 2.650023e-06 2.650976e-06 2.698898e-06 2.686977e-06 2.679110e-06 2.696991e-06 2.680063e-06 2.700090e-06 2.712011e-06 2.707005e-06 
1.435995e-06 1.417160e-06 1.413107e-06 1.595974e-06 1.265049e-06 1.492023e-06 1.435995e-06 1.499176e-06 1.484871e-06 1.533031e-06 1.475096e-06 1.552105e-06 1.394033e-06 1.503944e-06 5.872250e-07 5.321503e-07 5.259514e-07 5.178452e-07 5.321503e-07 5.218983e-07 5.331039e-07 5.140305e-07 5.221367e-07 5.211830e-07 5.319118e-07 0.000000e+00 5.340576e-07 5.409718e-07 2.440929e-06 2.441168e-06 2.384186e-06 2.393007e-06 2.385139e-06 2.399921e-06 2.427101e-06 2.403021e-06 2.414942e-06 2.379894e-06 2.395868e-06 2.396822e-06 2.413988e-06 2.391100e-06 2.738953e-06 2.677202e-06 2.699137e-06 2.676010e-06 2.676010e-06 2.669811e-06 2.663136e-06 2.686024e-06 2.667904e-06 2.691031e-06 2.673149e-06 2.701998e-06 2.685070e-06 2.691031e-06 2.429008e-06 2.411127e-06 2.391100e-06 2.389908e-06 2.415895e-06 2.410889e-06 2.371073e-06 2.386093e-06 2.401114e-06 2.412081e-06 2.403975e-06 2.379894e-06 2.386808e-06 2.413034e-06 2.693892e-06 2.684116e-06 2.671957e-06 2.660990e-06 2.695084e-06 2.654076e-06 2.660036e-06 2.669096e-06 2.683163e-06 2.637148e-06 2.631903e-06 2.683163e-06 2.668142e-06 2.671003e-06 2.373934e-06 2.382994e-06 2.367020e-06 2.377987e-06 2.361059e-06 2.401114e-06 2.371073e-06 2.402067e-06 2.382994e-06 2.402067e-06 2.375841e-06 2.408981e-06 2.372980e-06 2.368927e-06 2.673149e-06 2.663851e-06 2.647877e-06 2.645969e-06 2.630949e-06 2.625942e-06 2.628803e-06 2.623081e-06 2.668142e-06 2.647877e-06 2.678156e-06 2.673864e-06 2.685070e-06 2.676010e-06 
1.575947e-06 1.333952e-06 1.569033e-06 1.403093e-06 1.585007e-06 1.400948e-06 1.576900e-06 1.348972e-06 1.569986e-06 1.368046e-06 1.567841e-06 1.482964e-06 1.579046e-06 1.394987e-06 5.071163e-07 5.190372e-07 5.049706e-07 4.930496e-07 4.749298e-07 4.770756e-07 5.650520e-07 5.037785e-07 5.259514e-07 4.940033e-07 4.870892e-07 5.340576e-07 0.000000e+00 5.109310e-07 2.415895e-06 2.402067e-06 2.399921e-06 2.402067e-06 2.382994e-06 2.383947e-06 2.400875e-06 2.385139e-06 2.404928e-06 2.396107e-06 2.395153e-06 2.394915e-06 2.399921e-06 2.413988e-06 2.691031e-06 2.677202e-06 2.711058e-06 2.678156e-06 2.684832e-06 2.674818e-06 2.707005e-06 2.684116e-06 2.649069e-06 2.685070e-06 2.678871e-06 2.693892e-06 2.703905e-06 2.684116e-06 2.367020e-06 2.411127e-06 2.390146e-06 2.386093e-06 2.383947e-06 2.393961e-06 2.402782e-06 2.400160e-06 2.362967e-06 2.393961e-06 2.382040e-06 2.388000e-06 2.388000e-06 2.407074e-06 2.701044e-06 2.684116e-06 2.660990e-06 2.667904e-06 2.659082e-06 2.665997e-06 2.683878e-06 2.669096e-06 2.682924e-06 2.668858e-06 2.681971e-06 2.694130e-06 2.665997e-06 2.653837e-06 2.398014e-06 2.389908e-06 2.386093e-06 2.393961e-06 2.393007e-06 2.359867e-06 2.364159e-06 2.402782e-06 2.399921e-06 2.395153e-06 2.386808e-06 2.424955e-06 2.403975e-06 2.398968e-06 2.682924e-06 2.681017e-06 2.660990e-06 2.638102e-06 2.642870e-06 2.644062e-06 2.633095e-06 2.648115e-06 2.697229e-06 2.682209e-06 2.648830e-06 2.683163e-06 2.681971e-06 2.665043e-06 
