0.000000e+00 5.841255e-07 5.509853e-07 5.750656e-07 6.051064e-07 5.698204e-07 5.750656e-07 5.710125e-07 5.471706e-07 5.900860e-07 1.335144e-06 1.291037e-06 1.373053e-06 1.250029e-06 1.339912e-06 1.307964e-06 1.317978e-06 1.281977e-06 1.337051e-06 1.265049e-06 2.340078e-06 2.336979e-06 2.342939e-06 2.352953e-06 2.346992e-06 2.350092e-06 2.347946e-06 2.346039e-06 2.337933e-06 2.329111e-06 2.480030e-06 2.471209e-06 2.474070e-06 2.460003e-06 2.482891e-06 2.453089e-06 2.451181e-06 2.469063e-06 2.470016e-06 2.467155e-06 2.324104e-06 2.334833e-06 2.324104e-06 2.339840e-06 2.372026e-06 2.335072e-06 2.351999e-06 2.341032e-06 2.327919e-06 2.349854e-06 2.473116e-06 2.480030e-06 2.479792e-06 2.511978e-06 2.463102e-06 2.496004e-06 2.478838e-06 2.506971e-06 2.439976e-06 2.480984e-06 2.326965e-06 2.344131e-06 2.384901e-06 2.371788e-06 2.354860e-06 2.326012e-06 2.328157e-06 2.353907e-06 2.384901e-06 2.389908e-06 2.470970e-06 2.511978e-06 2.523899e-06 2.530098e-06 2.489090e-06 2.496004e-06 2.532005e-06 2.501011e-06 2.474070e-06 2.528906e-06 2.422810e-06 2.331972e-06 2.344131e-06 2.367973e-06 2.387047e-06 2.406120e-06 2.422094e-06 2.454996e-06 2.397060e-06 2.372980e-06 2.560139e-06 2.576113e-06 2.550840e-06 2.507925e-06 2.492905e-06 2.488136e-06 2.490997e-06 2.577066e-06 2.591133e-06 2.568960e-06 2.334118e-06 2.353907e-06 2.383947e-06 2.373934e-06 2.430916e-06 2.449036e-06 2.363920e-06 2.491951e-06 2.413988e-06 2.501011e-06 2.563000e-06 2.577066e-06 2.583027e-06 2.615929e-06 2.622128e-06 2.634048e-06 2.530098e-06 2.525091e-06 2.502918e-06 2.503157e-06 
5.841255e-07 0.000000e+00 5.371571e-07 5.700588e-07 5.741119e-07 5.700588e-07 5.679131e-07 5.600452e-07 5.581379e-07 5.800724e-07 1.283884e-06 1.298904e-06 1.241207e-06 1.364946e-06 1.266003e-06 1.310825e-06 1.201868e-06 1.304865e-06 1.266956e-06 1.314163e-06 2.342939e-06 2.344847e-06 2.336979e-06 2.339840e-06 2.349138e-06 2.346039e-06 2.338171e-06 2.347946e-06 2.334118e-06 2.331018e-06 2.485037e-06 2.460957e-06 2.461910e-06 2.446890e-06 2.479792e-06 2.470970e-06 2.429962e-06 2.488136e-06 2.449989e-06 2.460957e-06 2.322912e-06 2.345800e-06 2.327919e-06 2.333164e-06 2.362967e-06 2.329111e-06 2.341986e-06 2.321005e-06 2.347946e-06 2.346039e-06 2.474070e-06 2.460957e-06 2.474785e-06 2.477884e-06 2.476215e-06 2.484798e-06 2.491951e-06 2.466202e-06 2.479076e-06 2.520084e-06 2.333164e-06 2.365828e-06 2.367973e-06 2.351046e-06 2.332926e-06 2.326965e-06 2.335072e-06 2.350092e-06 2.375126e-06 2.393007e-06 2.471924e-06 2.516031e-06 2.546072e-06 2.502918e-06 2.494097e-06 2.470016e-06 2.438068e-06 2.475023e-06 2.495050e-06 2.516031e-06 2.393007e-06 2.321959e-06 2.353907e-06 2.371073e-06 2.393007e-06 2.418041e-06 2.429962e-06 2.434015e-06 2.368212e-06 2.346992e-06 2.547026e-06 2.564907e-06 2.511024e-06 2.490044e-06 2.481222e-06 2.454996e-06 2.521038e-06 2.542973e-06 2.572060e-06 2.598047e-06 2.316952e-06 2.348900e-06 2.380848e-06 2.368927e-06 2.350092e-06 2.408981e-06 2.430916e-06 2.464056e-06 2.469063e-06 2.487898e-06 2.538919e-06 2.558947e-06 2.578020e-06 2.595901e-06 2.609015e-06 2.628088e-06 2.630949e-06 2.517939e-06 2.481937e-06 2.476931e-06 
5.509853e-07 5.371571e-07 0.000000e+00 5.488396e-07 5.600452e-07 5.679131e-07 5.581379e-07 5.559921e-07 5.619526e-07 5.621910e-07 1.335859e-06 1.256943e-06 1.332998e-06 1.234055e-06 1.266003e-06 1.267195e-06 1.209021e-06 1.219034e-06 1.350164e-06 1.300097e-06 2.333164e-06 2.343178e-06 2.340078e-06 2.349854e-06 2.341986e-06 2.345085e-06 2.339125e-06 2.339125e-06 2.344847e-06 2.348900e-06 2.439022e-06 2.451181e-06 2.457857e-06 2.451181e-06 2.465010e-06 2.471924e-06 2.446890e-06 2.471924e-06 2.448082e-06 2.450943e-06 2.333879e-06 2.324104e-06 2.327919e-06 2.335072e-06 2.354145e-06 2.336979e-06 2.330065e-06 2.321959e-06 2.329111e-06 2.344131e-06 2.464056e-06 2.451181e-06 2.470970e-06 2.464771e-06 2.465010e-06 2.469778e-06 2.501965e-06 2.470016e-06 2.429962e-06 2.467155e-06 2.318859e-06 2.326012e-06 2.360106e-06 2.380133e-06 2.333879e-06 2.333164e-06 2.327919e-06 2.333164e-06 2.363920e-06 2.403021e-06 2.454996e-06 2.499104e-06 2.528191e-06 2.492189e-06 2.468824e-06 2.455950e-06 2.432108e-06 2.451181e-06 2.476931e-06 2.510786e-06 2.424002e-06 2.319813e-06 2.326012e-06 2.342939e-06 2.388954e-06 2.412081e-06 2.425909e-06 2.432108e-06 2.344847e-06 2.339125e-06 2.701044e-06 2.559900e-06 2.532005e-06 2.505064e-06 2.485991e-06 2.461195e-06 2.507925e-06 2.514124e-06 2.586126e-06 2.594948e-06 2.388954e-06 2.351999e-06 2.362013e-06 2.329111e-06 2.424955e-06 2.436161e-06 2.471924e-06 2.480030e-06 2.510071e-06 2.521992e-06 2.534151e-06 2.573967e-06 2.595901e-06 2.624989e-06 2.623081e-06 2.614975e-06 2.607107e-06 2.501965e-06 2.485037e-06 2.494812e-06 
5.750656e-07 5.700588e-07 5.488396e-07 0.000000e+00 5.481243e-07 5.159378e-07 5.609989e-07 5.612373e-07 5.722046e-07 5.738735e-07 1.265049e-06 1.253128e-06 1.224041e-06 1.298189e-06 1.298189e-06 1.321793e-06 1.319885e-06 1.367807e-06 1.239061e-06 1.299858e-06 2.349854e-06 2.334118e-06 2.343178e-06 2.348185e-06 2.340078e-06 2.335072e-06 2.339125e-06 2.332926e-06 2.326965e-06 2.336025e-06 2.461910e-06 2.478123e-06 2.459049e-06 2.451897e-06 2.424002e-06 2.460003e-06 2.442837e-06 2.450943e-06 2.438068e-06 2.470016e-06 2.321959e-06 2.339125e-06 2.318144e-06 2.334833e-06 2.338171e-06 2.336025e-06 2.318144e-06 2.336025e-06 2.341032e-06 2.336979e-06 2.480984e-06 2.471924e-06 2.456188e-06 2.459049e-06 2.456188e-06 2.501011e-06 2.475977e-06 2.452850e-06 2.454996e-06 2.483845e-06 2.335072e-06 2.341986e-06 2.372026e-06 2.346992e-06 2.326965e-06 2.324104e-06 2.392054e-06 2.339125e-06 2.377033e-06 2.367973e-06 2.460003e-06 2.488852e-06 2.513170e-06 2.497911e-06 2.469063e-06 2.470016e-06 2.475977e-06 2.458096e-06 2.509832e-06 2.502918e-06 2.402067e-06 2.339840e-06 2.341032e-06 2.402067e-06 2.400160e-06 2.411842e-06 2.418995e-06 2.403975e-06 2.357006e-06 2.351046e-06 2.532005e-06 2.555847e-06 2.524137e-06 2.462864e-06 2.491951e-06 2.490997e-06 2.520084e-06 2.590179e-06 2.584934e-06 2.543926e-06 2.395868e-06 2.373219e-06 2.398968e-06 2.336025e-06 2.447128e-06 2.442122e-06 2.484083e-06 2.493858e-06 2.486944e-06 2.520084e-06 2.516031e-06 2.609015e-06 2.578974e-06 2.619982e-06 2.624989e-06 2.621889e-06 2.571821e-06 2.506018e-06 2.431870e-06 2.509117e-06 
6.051064e-07 5.741119e-07 5.600452e-07 5.481243e-07 0.000000e+00 5.648136e-07 5.819798e-07 5.700588e-07 5.669594e-07 5.729198e-07 1.314878e-06 1.266003e-06 1.328945e-06 1.305103e-06 1.369953e-06 1.267910e-06 1.304865e-06 1.282930e-06 1.318932e-06 1.308918e-06 2.343893e-06 2.324820e-06 2.341032e-06 2.338886e-06 2.341986e-06 2.342939e-06 2.343893e-06 2.332926e-06 2.334118e-06 2.338886e-06 2.454996e-06 2.464056e-06 2.450943e-06 2.451897e-06 2.461910e-06 2.461910e-06 2.458096e-06 2.466917e-06 2.470016e-06 2.451897e-06 2.328873e-06 2.318859e-06 2.326012e-06 2.321959e-06 2.351999e-06 2.326012e-06 2.343893e-06 2.324820e-06 2.318859e-06 2.338171e-06 2.463102e-06 2.460003e-06 2.470970e-06 2.485037e-06 2.475023e-06 2.473116e-06 2.460003e-06 2.478123e-06 2.454996e-06 2.459049e-06 2.316952e-06 2.332926e-06 2.364874e-06 2.357006e-06 2.356052e-06 2.341986e-06 2.320051e-06 2.334118e-06 2.365112e-06 2.389908e-06 2.458096e-06 2.479076e-06 2.501965e-06 2.516985e-06 2.511978e-06 2.469063e-06 2.449989e-06 2.473116e-06 2.489805e-06 2.501011e-06 2.434969e-06 2.325058e-06 2.316952e-06 2.361059e-06 2.376080e-06 2.409935e-06 2.417803e-06 2.430916e-06 2.420902e-06 2.367973e-06 2.543926e-06 2.563953e-06 2.543926e-06 2.521992e-06 2.483130e-06 2.494097e-06 2.482891e-06 2.552986e-06 2.551079e-06 2.596140e-06 2.392054e-06 2.383947e-06 2.364159e-06 2.370119e-06 2.382994e-06 2.366066e-06 2.422094e-06 2.444983e-06 2.452135e-06 2.505064e-06 2.537966e-06 2.555847e-06 2.563000e-06 2.582073e-06 2.588987e-06 2.628803e-06 2.611876e-06 2.583981e-06 2.475977e-06 2.498865e-06 
5.698204e-07 5.700588e-07 5.679131e-07 5.159378e-07 5.648136e-07 0.000000e+00 5.440712e-07 5.698204e-07 5.760193e-07 5.550385e-07 1.276970e-06 1.351118e-06 1.207113e-06 1.290798e-06 1.230955e-06 1.307964e-06 1.286030e-06 1.261950e-06 1.230955e-06 1.250029e-06 2.348185e-06 2.341032e-06 2.352953e-06 2.345085e-06 2.335072e-06 2.336025e-06 2.343178e-06 2.325058e-06 2.325058e-06 2.329826e-06 2.446890e-06 2.480030e-06 2.435923e-06 2.439022e-06 2.451181e-06 2.458096e-06 2.470970e-06 2.462149e-06 2.448082e-06 2.470016e-06 2.317905e-06 2.328873e-06 2.329111e-06 2.325058e-06 2.346039e-06 2.343893e-06 2.326012e-06 2.326012e-06 2.331972e-06 2.346992e-06 2.457142e-06 2.480984e-06 2.471924e-06 2.460003e-06 2.468824e-06 2.481937e-06 2.470970e-06 2.479076e-06 2.455950e-06 2.485991e-06 2.332926e-06 2.362967e-06 2.362967e-06 2.340078e-06 2.326965e-06 2.321005e-06 2.340794e-06 2.376080e-06 2.386093e-06 2.376080e-06 2.475023e-06 2.481937e-06 2.500057e-06 2.506971e-06 2.488136e-06 2.455950e-06 2.452135e-06 2.495050e-06 2.506971e-06 2.532005e-06 2.430916e-06 2.318859e-06 2.357960e-06 2.370834e-06 2.390146e-06 2.404928e-06 2.434969e-06 2.431154e-06 2.367973e-06 2.381086e-06 2.544165e-06 2.542019e-06 2.541780e-06 2.486944e-06 2.487183e-06 2.475977e-06 2.467155e-06 2.569914e-06 2.578974e-06 2.596140e-06 2.393007e-06 2.369881e-06 2.348900e-06 2.409935e-06 2.449989e-06 2.458096e-06 2.475977e-06 2.452135e-06 2.506971e-06 2.508879e-06 2.516031e-06 2.573013e-06 2.595901e-06 2.665043e-06 2.619982e-06 2.601862e-06 2.470970e-06 2.521038e-06 2.480984e-06 2.505064e-06 
5.750656e-07 5.679131e-07 5.581379e-07 5.609989e-07 5.819798e-07 5.440712e-07 0.000000e+00 5.381107e-07 5.559921e-07 5.528927e-07 1.303911e-06 1.317024e-06 1.296997e-06 1.221895e-06 1.341820e-06 1.255989e-06 1.269102e-06 1.298904e-06 1.322031e-06 1.276016e-06 2.345085e-06 2.336025e-06 2.349138e-06 2.346992e-06 2.333879e-06 2.343893e-06 2.349854e-06 2.335072e-06 2.355099e-06 2.329111e-06 2.474070e-06 2.483130e-06 2.459049e-06 2.463102e-06 2.479076e-06 2.456903e-06 2.460003e-06 2.482891e-06 2.462864e-06 2.480984e-06 2.348185e-06 2.331972e-06 2.341986e-06 2.331018e-06 2.367973e-06 2.326012e-06 2.340078e-06 2.331018e-06 2.327919e-06 2.336979e-06 2.465010e-06 2.475977e-06 2.474785e-06 2.517939e-06 2.449036e-06 2.496958e-06 2.475977e-06 2.479792e-06 2.482176e-06 2.490044e-06 2.336979e-06 2.336979e-06 2.354145e-06 2.358913e-06 2.362013e-06 2.326012e-06 2.322912e-06 2.341986e-06 2.365112e-06 2.380133e-06 2.461195e-06 2.499819e-06 2.507210e-06 2.535105e-06 2.496004e-06 2.482891e-06 2.460003e-06 2.501965e-06 2.511024e-06 2.510786e-06 2.457857e-06 2.340794e-06 2.321005e-06 2.345085e-06 2.391100e-06 2.398014e-06 2.423048e-06 2.422094e-06 2.434969e-06 2.381086e-06 2.546072e-06 2.573967e-06 2.557039e-06 2.511978e-06 2.502203e-06 2.490997e-06 2.502918e-06 2.520084e-06 2.573967e-06 2.604008e-06 2.460003e-06 2.341986e-06 2.377033e-06 2.366066e-06 2.401114e-06 2.404213e-06 2.343893e-06 2.470016e-06 2.475023e-06 2.464056e-06 2.550840e-06 2.506018e-06 2.571106e-06 2.609015e-06 2.633095e-06 2.633095e-06 2.598047e-06 2.527952e-06 2.510071e-06 2.546072e-06 
5.710125e-07 5.600452e-07 5.559921e-07 5.612373e-07 5.700588e-07 5.698204e-07 5.381107e-07 0.000000e+00 5.409718e-07 5.700588e-07 1.281023e-06 1.302958e-06 1.311064e-06 1.287937e-06 1.251936e-06 1.353025e-06 1.292944e-06 1.306057e-06 1.283169e-06 1.277924e-06 2.344131e-06 2.331972e-06 2.342939e-06 2.332926e-06 2.331018e-06 2.346039e-06 2.326965e-06 2.323151e-06 2.326012e-06 2.332211e-06 2.471924e-06 2.469063e-06 2.458096e-06 2.478123e-06 2.502203e-06 2.487898e-06 2.478123e-06 2.460003e-06 2.436876e-06 2.473831e-06 2.321005e-06 2.323866e-06 2.315998e-06 2.332211e-06 2.348900e-06 2.331018e-06 2.326965e-06 2.324104e-06 2.336979e-06 2.341986e-06 2.456903e-06 2.470016e-06 2.473831e-06 2.504110e-06 2.476931e-06 2.513170e-06 2.465010e-06 2.477884e-06 2.458096e-06 2.526045e-06 2.328157e-06 2.354145e-06 2.360821e-06 2.338886e-06 2.335072e-06 2.310991e-06 2.337933e-06 2.358913e-06 2.381086e-06 2.369881e-06 2.485991e-06 2.511978e-06 2.525806e-06 2.538919e-06 2.471924e-06 2.476931e-06 2.459049e-06 2.511024e-06 2.487898e-06 2.518892e-06 2.414942e-06 2.314091e-06 2.326965e-06 2.362967e-06 2.376795e-06 2.399921e-06 2.430916e-06 2.408028e-06 2.408981e-06 2.359152e-06 2.539873e-06 2.577066e-06 2.552986e-06 2.500057e-06 2.481937e-06 2.496004e-06 2.504110e-06 2.589941e-06 2.596140e-06 2.601862e-06 2.322912e-06 2.372026e-06 2.403021e-06 2.380133e-06 2.403021e-06 2.418995e-06 2.412081e-06 2.444029e-06 2.485991e-06 2.499104e-06 2.511978e-06 2.571821e-06 2.593994e-06 2.621174e-06 2.621174e-06 2.626181e-06 2.629995e-06 2.592087e-06 2.506018e-06 2.489805e-06 
5.471706e-07 5.581379e-07 5.619526e-07 5.722046e-07 5.669594e-07 5.760193e-07 5.559921e-07 5.409718e-07 0.000000e+00 5.769730e-07 1.415968e-06 1.240015e-06 1.325846e-06 1.242161e-06 1.338005e-06 1.253128e-06 1.351118e-06 1.294851e-06 1.308918e-06 1.209974e-06 2.336025e-06 2.327204e-06 2.351046e-06 2.345085e-06 2.338886e-06 2.326965e-06 2.424002e-06 2.328873e-06 2.329826e-06 2.332926e-06 2.467871e-06 2.508163e-06 2.476931e-06 2.480030e-06 2.488852e-06 2.467155e-06 2.446175e-06 2.481937e-06 2.455950e-06 2.473831e-06 2.327919e-06 2.324104e-06 2.310991e-06 2.332926e-06 2.331018e-06 2.323151e-06 2.337217e-06 2.327204e-06 2.321005e-06 2.328157e-06 2.470016e-06 2.492189e-06 2.474070e-06 2.506971e-06 2.480984e-06 2.507925e-06 2.485991e-06 2.517939e-06 2.495050e-06 2.500057e-06 2.309084e-06 2.331972e-06 2.359152e-06 2.342939e-06 2.336979e-06 2.312899e-06 2.319098e-06 2.336979e-06 2.372026e-06 2.377987e-06 2.491951e-06 2.511024e-06 2.512932e-06 2.516985e-06 2.506018e-06 2.500057e-06 2.434015e-06 2.515078e-06 2.470016e-06 2.521038e-06 2.385855e-06 2.326965e-06 2.331972e-06 2.355099e-06 2.377033e-06 2.413034e-06 2.423048e-06 2.433062e-06 2.409220e-06 2.330065e-06 2.553940e-06 2.595901e-06 2.575874e-06 2.532005e-06 2.493143e-06 2.485991e-06 2.485037e-06 2.587795e-06 2.576113e-06 2.585888e-06 2.331972e-06 2.372026e-06 2.352953e-06 2.377987e-06 2.378941e-06 2.419949e-06 2.418995e-06 2.459049e-06 2.464056e-06 2.486944e-06 2.566099e-06 2.563000e-06 2.602100e-06 2.609968e-06 2.604008e-06 2.636909e-06 2.636909e-06 2.552986e-06 2.519846e-06 2.521038e-06 
5.900860e-07 5.800724e-07 5.621910e-07 5.738735e-07 5.729198e-07 5.550385e-07 5.528927e-07 5.700588e-07 5.769730e-07 0.000000e+00 1.308918e-06 1.301050e-06 1.265049e-06 1.313925e-06 1.279831e-06 1.287937e-06 1.245022e-06 1.343012e-06 1.258135e-06 1.256943e-06 2.337933e-06 2.316952e-06 2.337933e-06 2.336979e-06 2.336979e-06 2.336979e-06 2.327204e-06 2.327919e-06 2.325058e-06 2.330065e-06 2.475023e-06 2.504826e-06 2.472878e-06 2.488136e-06 2.489090e-06 2.503872e-06 2.470970e-06 2.511024e-06 2.451897e-06 2.511024e-06 2.318859e-06 2.315998e-06 2.316952e-06 2.331018e-06 2.346992e-06 2.315044e-06 2.325058e-06 2.360106e-06 2.329111e-06 2.324104e-06 2.482891e-06 2.502918e-06 2.486944e-06 2.513885e-06 2.476931e-06 2.509117e-06 2.483845e-06 2.503872e-06 2.488136e-06 2.516031e-06 2.324104e-06 2.357006e-06 2.356052e-06 2.331972e-06 2.317905e-06 2.321959e-06 2.338171e-06 2.357006e-06 2.366066e-06 2.437115e-06 2.501965e-06 2.553940e-06 2.532005e-06 2.516031e-06 2.511024e-06 2.498865e-06 2.464056e-06 2.511024e-06 2.501011e-06 2.535105e-06 2.410173e-06 2.320051e-06 2.345085e-06 2.368927e-06 2.380133e-06 2.409935e-06 2.423048e-06 2.407074e-06 2.381086e-06 2.349138e-06 2.572060e-06 2.585888e-06 2.562046e-06 2.547979e-06 2.496958e-06 2.496958e-06 2.509117e-06 2.599001e-06 2.599001e-06 2.612114e-06 2.320051e-06 2.362967e-06 2.362967e-06 2.381086e-06 2.411842e-06 2.434015e-06 2.451897e-06 2.490044e-06 2.490997e-06 2.487183e-06 2.564907e-06 2.589941e-06 2.610922e-06 2.609968e-06 2.632141e-06 2.649069e-06 2.617836e-06 2.573967e-06 2.574205e-06 2.515793e-06 
1.335144e-06 1.283884e-06 1.335859e-06 1.265049e-06 1.314878e-06 1.276970e-06 1.303911e-06 1.281023e-06 1.415968e-06 1.308918e-06 0.000000e+00 5.919933e-07 5.838871e-07 5.731583e-07 5.760193e-07 5.619526e-07 5.631447e-07 5.528927e-07 5.650520e-07 5.729198e-07 2.480984e-06 2.478123e-06 2.458096e-06 2.463102e-06 2.444983e-06 2.470016e-06 2.460957e-06 2.469063e-06 2.482891e-06 2.482891e-06 2.615929e-06 2.661943e-06 2.683878e-06 2.701044e-06 2.693176e-06 2.729893e-06 2.664089e-06 2.631903e-06 2.721071e-06 2.796173e-06 2.499104e-06 2.583027e-06 2.552032e-06 2.582073e-06 2.543926e-06 2.644062e-06 2.543926e-06 2.596855e-06 2.610922e-06 2.655029e-06 2.691031e-06 2.825022e-06 2.787113e-06 2.649069e-06 2.768040e-06 2.845049e-06 2.794027e-06 2.743006e-06 2.696991e-06 2.846956e-06 2.563953e-06 2.673864e-06 2.686977e-06 2.659082e-06 2.527952e-06 2.521992e-06 2.629995e-06 2.675056e-06 2.679110e-06 2.645016e-06 2.810955e-06 2.876043e-06 2.869129e-06 2.851963e-06 2.753973e-06 2.648830e-06 2.695084e-06 2.733946e-06 2.857924e-06 2.822161e-06 2.619982e-06 2.535105e-06 2.660036e-06 2.693892e-06 2.676010e-06 2.685070e-06 2.667189e-06 2.639055e-06 2.629995e-06 2.541065e-06 2.820015e-06 2.836943e-06 2.824068e-06 2.782106e-06 2.685070e-06 2.707005e-06 2.774000e-06 2.872944e-06 2.818108e-06 2.867937e-06 2.692223e-06 2.691031e-06 2.683878e-06 2.700090e-06 2.681017e-06 2.683163e-06 2.661943e-06 2.682209e-06 2.682924e-06 2.728939e-06 2.812147e-06 2.835035e-06 2.830982e-06 2.846003e-06 2.834082e-06 2.872944e-06 2.921820e-06 2.825022e-06 2.779961e-06 2.774954e-06 
1.291037e-06 1.298904e-06 1.256943e-06 1.253128e-06 1.266003e-06 1.351118e-06 1.317024e-06 1.302958e-06 1.240015e-06 1.301050e-06 5.919933e-07 0.000000e+00 5.481243e-07 5.621910e-07 5.600452e-07 5.631447e-07 5.719662e-07 5.650520e-07 5.688667e-07 5.788803e-07 2.470970e-06 2.453089e-06 2.459049e-06 2.455950e-06 2.455950e-06 2.522945e-06 2.460003e-06 2.450943e-06 2.468109e-06 2.478838e-06 2.682924e-06 2.665043e-06 2.655983e-06 2.645969e-06 2.703190e-06 2.650976e-06 2.696991e-06 2.779961e-06 2.665997e-06 2.683163e-06 2.604008e-06 2.518892e-06 2.605915e-06 2.517939e-06 2.548933e-06 2.579927e-06 2.537966e-06 2.614021e-06 2.658129e-06 2.598047e-06 2.799034e-06 2.825022e-06 2.745867e-06 2.722025e-06 2.816916e-06 2.821922e-06 2.748013e-06 2.677917e-06 2.763033e-06 2.855062e-06 2.671003e-06 2.689838e-06 2.662897e-06 2.534866e-06 2.517939e-06 2.597094e-06 2.689838e-06 2.694130e-06 2.682924e-06 2.598047e-06 2.830982e-06 2.871037e-06 2.831936e-06 2.819061e-06 2.749920e-06 2.699852e-06 2.676964e-06 2.769947e-06 2.828836e-06 2.831936e-06 2.597094e-06 2.563953e-06 2.635002e-06 2.694130e-06 2.677917e-06 2.679825e-06 2.666950e-06 2.599001e-06 2.624035e-06 2.547026e-06 2.841949e-06 2.815962e-06 2.802134e-06 2.753019e-06 2.695084e-06 2.800941e-06 2.848864e-06 2.841949e-06 2.848864e-06 2.843142e-06 2.639055e-06 2.607107e-06 2.633095e-06 2.688169e-06 2.627134e-06 2.671003e-06 2.697945e-06 2.703905e-06 2.722025e-06 2.727032e-06 2.828121e-06 2.830982e-06 2.875090e-06 2.893925e-06 2.884150e-06 2.930880e-06 2.920866e-06 2.774954e-06 2.774000e-06 2.884150e-06 
1.373053e-06 1.241207e-06 1.332998e-06 1.224041e-06 1.328945e-06 1.207113e-06 1.296997e-06 1.311064e-06 1.325846e-06 1.265049e-06 5.838871e-07 5.481243e-07 0.000000e+00 5.381107e-07 5.409718e-07 5.738735e-07 5.757809e-07 5.609989e-07 5.569458e-07 5.559921e-07 2.477169e-06 2.464056e-06 2.455950e-06 2.450943e-06 2.465010e-06 2.465963e-06 2.455950e-06 2.467871e-06 2.456903e-06 2.454996e-06 2.681017e-06 2.663136e-06 2.702951e-06 2.700090e-06 2.721071e-06 2.726078e-06 2.686977e-06 2.634048e-06 2.740860e-06 2.774000e-06 2.496958e-06 2.596140e-06 2.532005e-06 2.614021e-06 2.505064e-06 2.560854e-06 2.563000e-06 2.558947e-06 2.609015e-06 2.653837e-06 2.712965e-06 2.804995e-06 2.800941e-06 2.681971e-06 2.758980e-06 2.813101e-06 2.810001e-06 2.728939e-06 2.779961e-06 2.827883e-06 2.587080e-06 2.679825e-06 2.673149e-06 2.642155e-06 2.557993e-06 2.533913e-06 2.639055e-06 2.675056e-06 2.672911e-06 2.671957e-06 2.784967e-06 2.841949e-06 2.828836e-06 2.841949e-06 2.806902e-06 2.697945e-06 2.686977e-06 2.762079e-06 2.825022e-06 2.884150e-06 2.616167e-06 2.570868e-06 2.652168e-06 2.704144e-06 2.681017e-06 2.677917e-06 2.672195e-06 2.621889e-06 2.629042e-06 2.517939e-06 2.846956e-06 2.831936e-06 2.825022e-06 2.753973e-06 2.738953e-06 2.717018e-06 2.792835e-06 2.850056e-06 2.828121e-06 2.854824e-06 2.652884e-06 2.685070e-06 2.688885e-06 2.681017e-06 2.588987e-06 2.638102e-06 2.670050e-06 2.695799e-06 2.721071e-06 2.712965e-06 2.807140e-06 2.854109e-06 2.869129e-06 2.856016e-06 2.911091e-06 2.882957e-06 2.893925e-06 2.830982e-06 2.843857e-06 2.839088e-06 
1.250029e-06 1.364946e-06 1.234055e-06 1.298189e-06 1.305103e-06 1.290798e-06 1.221895e-06 1.287937e-06 1.242161e-06 1.313925e-06 5.731583e-07 5.621910e-07 5.381107e-07 0.000000e+00 5.710125e-07 5.879402e-07 5.140305e-07 5.650520e-07 5.750656e-07 5.538464e-07 2.444029e-06 2.448082e-06 2.460003e-06 2.475977e-06 2.454042e-06 2.457142e-06 2.474070e-06 2.471924e-06 2.479076e-06 2.478838e-06 2.692938e-06 2.723932e-06 2.688169e-06 2.668142e-06 2.768993e-06 2.645969e-06 2.728939e-06 2.747059e-06 2.697945e-06 2.766848e-06 2.617121e-06 2.531052e-06 2.613783e-06 2.521038e-06 2.610922e-06 2.614975e-06 2.511024e-06 2.578020e-06 2.641916e-06 2.557039e-06 2.830029e-06 2.805948e-06 2.789021e-06 2.776146e-06 2.814054e-06 2.830982e-06 2.797127e-06 2.748966e-06 2.832174e-06 2.849102e-06 2.623796e-06 2.671957e-06 2.604961e-06 2.485037e-06 2.493858e-06 2.599001e-06 2.658129e-06 2.698898e-06 2.688885e-06 2.566814e-06 2.876997e-06 2.831936e-06 2.869844e-06 2.832890e-06 2.784014e-06 2.670050e-06 2.731085e-06 2.791882e-06 2.864122e-06 2.860069e-06 2.612114e-06 2.589941e-06 2.653837e-06 2.677917e-06 2.670050e-06 2.679825e-06 2.669096e-06 2.649069e-06 2.609015e-06 2.579927e-06 2.851009e-06 2.827883e-06 2.849102e-06 2.820969e-06 2.794027e-06 2.693176e-06 2.779007e-06 2.892971e-06 2.828836e-06 2.900124e-06 2.663851e-06 2.640963e-06 2.681017e-06 2.668858e-06 2.676010e-06 2.600908e-06 2.680063e-06 2.696991e-06 2.746105e-06 2.722979e-06 2.840042e-06 2.866983e-06 2.884865e-06 2.871990e-06 2.859116e-06 2.861977e-06 2.891064e-06 2.810955e-06 2.763033e-06 2.823114e-06 
1.339912e-06 1.266003e-06 1.266003e-06 1.298189e-06 1.369953e-06 1.230955e-06 1.341820e-06 1.251936e-06 1.338005e-06 1.279831e-06 5.760193e-07 5.600452e-07 5.409718e-07 5.710125e-07 0.000000e+00 5.619526e-07 5.779266e-07 5.738735e-07 5.650520e-07 5.748272e-07 2.468109e-06 2.459049e-06 2.462864e-06 2.470016e-06 2.459049e-06 2.463102e-06 2.455950e-06 2.498865e-06 2.465010e-06 2.449989e-06 2.707958e-06 2.675056e-06 2.719879e-06 2.736807e-06 2.776146e-06 2.730131e-06 2.760172e-06 2.650976e-06 2.750874e-06 2.773046e-06 2.494097e-06 2.562046e-06 2.577066e-06 2.530098e-06 2.538919e-06 2.638102e-06 2.555847e-06 2.569914e-06 2.646208e-06 2.640009e-06 2.753973e-06 2.815962e-06 2.809048e-06 2.785921e-06 2.855062e-06 2.860069e-06 2.837896e-06 2.737999e-06 2.796888e-06 2.836943e-06 2.608061e-06 2.674818e-06 2.655983e-06 2.597094e-06 2.499819e-06 2.533913e-06 2.660036e-06 2.679825e-06 2.676010e-06 2.655029e-06 2.836943e-06 2.845049e-06 2.880812e-06 2.856016e-06 2.799034e-06 2.725124e-06 2.743006e-06 2.756119e-06 2.907991e-06 2.939939e-06 2.600908e-06 2.604961e-06 2.660990e-06 2.687931e-06 2.686024e-06 2.671957e-06 2.666950e-06 2.633810e-06 2.578974e-06 2.577782e-06 2.850056e-06 2.829075e-06 2.826929e-06 2.705097e-06 2.746105e-06 2.665997e-06 2.826929e-06 2.887964e-06 2.865076e-06 2.876997e-06 2.626896e-06 2.678871e-06 2.674103e-06 2.696037e-06 2.641916e-06 2.681017e-06 2.669096e-06 2.706051e-06 2.726078e-06 2.605915e-06 2.883911e-06 2.845049e-06 2.878904e-06 2.861977e-06 2.887964e-06 2.911091e-06 2.843142e-06 2.859831e-06 2.738953e-06 2.849102e-06 
1.307964e-06 1.310825e-06 1.267195e-06 1.321793e-06 1.267910e-06 1.307964e-06 1.255989e-06 1.353025e-06 1.253128e-06 1.287937e-06 5.619526e-07 5.631447e-07 5.738735e-07 5.879402e-07 5.619526e-07 0.000000e+00 5.898476e-07 5.660057e-07 5.609989e-07 5.450249e-07 2.516031e-06 2.485991e-06 2.496004e-06 2.500057e-06 2.518177e-06 2.493858e-06 2.510071e-06 2.512932e-06 2.526999e-06 2.520800e-06 2.721071e-06 2.794027e-06 2.745152e-06 2.745867e-06 2.747059e-06 2.815008e-06 2.730131e-06 2.763033e-06 2.845049e-06 2.936840e-06 2.587080e-06 2.615929e-06 2.576828e-06 2.611876e-06 2.617121e-06 2.606869e-06 2.676964e-06 2.673149e-06 2.645969e-06 2.602100e-06 2.855062e-06 2.804995e-06 2.853870e-06 2.862930e-06 2.858877e-06 2.837896e-06 2.719164e-06 2.851009e-06 2.891064e-06 2.892971e-06 2.701998e-06 2.682209e-06 2.570152e-06 2.619028e-06 2.656937e-06 2.735853e-06 2.739906e-06 2.678156e-06 2.618074e-06 2.535105e-06 3.008127e-06 2.915859e-06 2.794027e-06 2.822876e-06 2.792835e-06 2.855062e-06 2.943039e-06 3.005981e-06 2.916098e-06 2.943993e-06 2.594948e-06 2.715111e-06 2.746105e-06 2.715826e-06 2.737999e-06 2.667904e-06 2.679825e-06 2.539158e-06 2.561092e-06 2.634048e-06 2.910852e-06 2.852201e-06 2.809048e-06 2.700090e-06 2.935886e-06 2.869129e-06 2.957106e-06 2.938032e-06 2.942085e-06 2.894163e-06 2.734900e-06 2.743959e-06 2.624035e-06 2.733946e-06 2.746105e-06 2.747059e-06 2.758980e-06 2.765894e-06 2.748966e-06 2.728939e-06 2.934217e-06 2.904892e-06 2.916813e-06 2.947092e-06 2.968073e-06 2.929926e-06 2.912998e-06 2.899885e-06 2.912045e-06 2.938032e-06 
1.317978e-06 1.201868e-06 1.209021e-06 1.319885e-06 1.304865e-06 1.286030e-06 1.269102e-06 1.292944e-06 1.351118e-06 1.245022e-06 5.631447e-07 5.719662e-07 5.757809e-07 5.140305e-07 5.779266e-07 5.898476e-07 0.000000e+00 5.378723e-07 5.490780e-07 5.722046e-07 2.465010e-06 2.439022e-06 2.460957e-06 2.460003e-06 2.438068e-06 2.444983e-06 2.434015e-06 2.439022e-06 2.460957e-06 2.473116e-06 2.671003e-06 2.669096e-06 2.707958e-06 2.774000e-06 2.712965e-06 2.784967e-06 2.690077e-06 2.737999e-06 2.758026e-06 2.786875e-06 2.496004e-06 2.603054e-06 2.558947e-06 2.588987e-06 2.532005e-06 2.583027e-06 2.558947e-06 2.572060e-06 2.632141e-06 2.642870e-06 2.701998e-06 2.839088e-06 2.793074e-06 2.768993e-06 2.792120e-06 2.830029e-06 2.839088e-06 2.829075e-06 2.869844e-06 2.841949e-06 2.604961e-06 2.660036e-06 2.667904e-06 2.609968e-06 2.515078e-06 2.563000e-06 2.644062e-06 2.672911e-06 2.675056e-06 2.661943e-06 2.804041e-06 2.861023e-06 2.898932e-06 2.852917e-06 2.790928e-06 2.712965e-06 2.674103e-06 2.765894e-06 2.938986e-06 2.885103e-06 2.645016e-06 2.589941e-06 2.660036e-06 2.675056e-06 2.665043e-06 2.671003e-06 2.651930e-06 2.622843e-06 2.542973e-06 2.498865e-06 2.880096e-06 2.849102e-06 2.877951e-06 2.771854e-06 2.699852e-06 2.801895e-06 2.785921e-06 2.838850e-06 2.883911e-06 2.861977e-06 2.607107e-06 2.593994e-06 2.671003e-06 2.680063e-06 2.640963e-06 2.672911e-06 2.670050e-06 2.686024e-06 2.687931e-06 2.735853e-06 2.899885e-06 2.879858e-06 2.904892e-06 2.910852e-06 2.857924e-06 2.869129e-06 2.933979e-06 2.847195e-06 2.784014e-06 2.851963e-06 
1.281977e-06 1.304865e-06 1.219034e-06 1.367807e-06 1.282930e-06 1.261950e-06 1.298904e-06 1.306057e-06 1.294851e-06 1.343012e-06 5.528927e-07 5.650520e-07 5.609989e-07 5.650520e-07 5.738735e-07 5.660057e-07 5.378723e-07 0.000000e+00 5.831718e-07 5.700588e-07 2.473116e-06 2.456903e-06 2.440929e-06 2.477169e-06 2.460003e-06 2.480984e-06 2.480984e-06 2.494097e-06 2.502203e-06 2.495050e-06 2.710819e-06 2.778053e-06 2.704144e-06 2.722025e-06 2.753973e-06 2.772093e-06 2.732038e-06 2.804041e-06 2.733946e-06 2.784014e-06 2.567053e-06 2.545118e-06 2.547026e-06 2.559900e-06 2.590179e-06 2.587080e-06 2.597094e-06 2.565145e-06 2.583027e-06 2.627850e-06 2.759933e-06 2.791166e-06 2.812862e-06 2.815008e-06 2.840996e-06 2.786875e-06 2.804041e-06 2.829075e-06 2.914190e-06 2.873182e-06 2.649069e-06 2.520800e-06 2.529860e-06 2.580881e-06 2.660990e-06 2.681017e-06 2.654076e-06 2.596855e-06 2.568007e-06 2.530098e-06 2.852917e-06 2.929926e-06 2.723932e-06 2.743006e-06 2.799988e-06 2.866030e-06 2.842903e-06 2.895117e-06 2.887964e-06 2.853870e-06 2.614975e-06 2.678871e-06 2.670050e-06 2.670050e-06 2.665997e-06 2.657890e-06 2.604961e-06 2.494097e-06 2.557039e-06 2.573013e-06 2.861023e-06 2.847910e-06 2.777100e-06 2.666950e-06 2.733231e-06 2.906084e-06 2.857924e-06 2.895117e-06 2.856016e-06 2.841949e-06 2.661943e-06 2.595901e-06 2.621889e-06 2.676964e-06 2.682924e-06 2.678156e-06 2.696991e-06 2.682209e-06 2.730131e-06 2.711058e-06 2.861023e-06 2.915144e-06 2.866983e-06 2.846956e-06 2.919912e-06 2.851963e-06 2.867937e-06 2.918005e-06 2.950907e-06 2.950191e-06 
1.337051e-06 1.266956e-06 1.350164e-06 1.239061e-06 1.318932e-06 1.230955e-06 1.322031e-06 1.283169e-06 1.308918e-06 1.258135e-06 5.650520e-07 5.688667e-07 5.569458e-07 5.750656e-07 5.650520e-07 5.609989e-07 5.490780e-07 5.831718e-07 0.000000e+00 5.490780e-07 2.503157e-06 2.454042e-06 2.431154e-06 2.474070e-06 2.476931e-06 2.469063e-06 2.482891e-06 2.454996e-06 2.459049e-06 2.489090e-06 2.727985e-06 2.669811e-06 2.742052e-06 2.751112e-06 2.758026e-06 2.771854e-06 2.757072e-06 2.728939e-06 2.778053e-06 2.798796e-06 2.511024e-06 2.546072e-06 2.522945e-06 2.532005e-06 2.514839e-06 2.570152e-06 2.528906e-06 2.568007e-06 2.612114e-06 2.634048e-06 2.789021e-06 2.832890e-06 2.783060e-06 2.783060e-06 2.806902e-06 2.843857e-06 2.795219e-06 2.789974e-06 2.753973e-06 2.818823e-06 2.623081e-06 2.665997e-06 2.680063e-06 2.570868e-06 2.495050e-06 2.579927e-06 2.615929e-06 2.665997e-06 2.682924e-06 2.619982e-06 2.846956e-06 2.834082e-06 2.815008e-06 2.891064e-06 2.834082e-06 2.692938e-06 2.778053e-06 2.775908e-06 2.817869e-06 2.951860e-06 2.588034e-06 2.609968e-06 2.653122e-06 2.665997e-06 2.658129e-06 2.652884e-06 2.639055e-06 2.616167e-06 2.583981e-06 2.493143e-06 2.861977e-06 2.868891e-06 2.841949e-06 2.763987e-06 2.763987e-06 2.771854e-06 2.838135e-06 2.923965e-06 2.876997e-06 2.876043e-06 2.663851e-06 2.692938e-06 2.689838e-06 2.680063e-06 2.593994e-06 2.672195e-06 2.666950e-06 2.683163e-06 2.686024e-06 2.732038e-06 2.824068e-06 2.922058e-06 2.929211e-06 2.879143e-06 2.858877e-06 2.875805e-06 2.954960e-06 2.933025e-06 2.844095e-06 2.893925e-06 
1.265049e-06 1.314163e-06 1.300097e-06 1.299858e-06 1.308918e-06 1.250029e-06 1.276016e-06 1.277924e-06 1.209974e-06 1.256943e-06 5.729198e-07 5.788803e-07 5.559921e-07 5.538464e-07 5.748272e-07 5.450249e-07 5.722046e-07 5.700588e-07 5.490780e-07 0.000000e+00 2.470970e-06 2.468109e-06 2.454042e-06 2.461910e-06 2.438068e-06 2.463102e-06 2.468109e-06 2.478123e-06 2.480984e-06 2.476931e-06 2.729177e-06 2.712011e-06 2.699137e-06 2.709150e-06 2.788067e-06 2.711058e-06 2.776861e-06 2.796888e-06 2.765894e-06 2.779007e-06 2.591133e-06 2.497911e-06 2.614975e-06 2.504826e-06 2.604008e-06 2.540827e-06 2.574921e-06 2.621174e-06 2.625942e-06 2.511024e-06 2.879143e-06 2.824068e-06 2.805948e-06 2.882004e-06 2.856970e-06 2.851009e-06 2.839088e-06 2.802134e-06 2.822161e-06 2.848864e-06 2.664089e-06 2.681971e-06 2.673149e-06 2.501965e-06 2.506971e-06 2.622128e-06 2.690077e-06 2.671957e-06 2.678871e-06 2.585173e-06 2.902031e-06 2.918959e-06 2.861023e-06 2.851963e-06 2.794027e-06 2.783060e-06 2.805948e-06 2.861023e-06 2.894878e-06 2.954960e-06 2.530098e-06 2.663136e-06 2.694845e-06 2.663136e-06 2.673149e-06 2.671957e-06 2.685070e-06 2.635002e-06 2.517223e-06 2.475977e-06 2.846956e-06 2.838850e-06 2.878904e-06 2.892971e-06 2.819061e-06 2.773046e-06 2.915859e-06 2.869844e-06 2.876997e-06 2.883196e-06 2.621889e-06 2.687216e-06 2.610922e-06 2.623081e-06 2.693176e-06 2.616882e-06 2.679110e-06 2.697229e-06 2.703905e-06 2.698183e-06 2.878904e-06 2.918005e-06 2.882004e-06 2.866030e-06 2.846003e-06 2.903938e-06 2.851963e-06 2.817154e-06 2.932072e-06 2.874851e-06 
2.340078e-06 2.342939e-06 2.333164e-06 2.349854e-06 2.343893e-06 2.348185e-06 2.345085e-06 2.344131e-06 2.336025e-06 2.337933e-06 2.480984e-06 2.470970e-06 2.477169e-06 2.444029e-06 2.468109e-06 2.516031e-06 2.465010e-06 2.473116e-06 2.503157e-06 2.470970e-06 0.000000e+00 5.450249e-07 5.829334e-07 5.619526e-07 5.769730e-07 5.590916e-07 5.571842e-07 5.540848e-07 5.578995e-07 5.619526e-07 1.361132e-06 1.280069e-06 1.327991e-06 1.285791e-06 1.304150e-06 1.244068e-06 1.263857e-06 1.254797e-06 1.324892e-06 1.280069e-06 2.313137e-06 2.308130e-06 2.323151e-06 2.315044e-06 2.341032e-06 2.329111e-06 2.326965e-06 2.328873e-06 2.326965e-06 2.306938e-06 2.552032e-06 2.598047e-06 2.537012e-06 2.596140e-06 2.553940e-06 2.577782e-06 2.568007e-06 2.505064e-06 2.564907e-06 2.584934e-06 2.339125e-06 2.346992e-06 2.325058e-06 2.324820e-06 2.321959e-06 2.333879e-06 2.360821e-06 2.383947e-06 2.365112e-06 2.326965e-06 2.590895e-06 2.607107e-06 2.521038e-06 2.640009e-06 2.524853e-06 2.596855e-06 2.518892e-06 2.552986e-06 2.630949e-06 2.602100e-06 2.401114e-06 2.327919e-06 2.348900e-06 2.370119e-06 2.388000e-06 2.423048e-06 2.420902e-06 2.376080e-06 2.336979e-06 2.298117e-06 2.642870e-06 2.610922e-06 2.586126e-06 2.532959e-06 2.538919e-06 2.539873e-06 2.539158e-06 2.620935e-06 2.623081e-06 2.635956e-06 2.371073e-06 2.339125e-06 2.324104e-06 2.321959e-06 2.329826e-06 2.331972e-06 2.341986e-06 2.362967e-06 2.401114e-06 2.415895e-06 2.540827e-06 2.624035e-06 2.680063e-06 2.680063e-06 2.739906e-06 2.690077e-06 2.669096e-06 2.644062e-06 2.671003e-06 2.649069e-06 
2.336979e-06 2.344847e-06 2.343178e-06 2.334118e-06 2.324820e-06 2.341032e-06 2.336025e-06 2.331972e-06 2.327204e-06 2.316952e-06 2.478123e-06 2.453089e-06 2.464056e-06 2.448082e-06 2.459049e-06 2.485991e-06 2.439022e-06 2.456903e-06 2.454042e-06 2.468109e-06 5.450249e-07 0.000000e+00 5.857944e-07 5.578995e-07 5.378723e-07 5.609989e-07 5.729198e-07 5.700588e-07 5.719662e-07 5.741119e-07 1.284122e-06 1.289845e-06 1.255035e-06 1.302004e-06 1.281977e-06 1.278877e-06 1.193047e-06 1.321077e-06 1.255989e-06 1.329899e-06 2.321959e-06 2.307892e-06 2.315998e-06 2.321005e-06 2.338171e-06 2.316952e-06 2.321005e-06 2.313137e-06 2.326965e-06 2.328873e-06 2.616882e-06 2.518892e-06 2.565145e-06 2.588034e-06 2.563000e-06 2.556086e-06 2.569914e-06 2.570868e-06 2.549171e-06 2.575874e-06 2.321005e-06 2.340078e-06 2.342939e-06 2.321005e-06 2.315044e-06 2.315044e-06 2.327919e-06 2.362967e-06 2.376080e-06 2.354145e-06 2.521992e-06 2.583981e-06 2.592087e-06 2.521038e-06 2.645969e-06 2.511978e-06 2.539873e-06 2.550840e-06 2.597094e-06 2.650023e-06 2.375126e-06 2.320051e-06 2.340078e-06 2.362013e-06 2.384901e-06 2.391100e-06 2.408981e-06 2.416849e-06 2.364874e-06 2.344131e-06 2.655029e-06 2.691984e-06 2.641916e-06 2.619028e-06 2.591133e-06 2.587080e-06 2.591133e-06 2.583981e-06 2.590895e-06 2.595901e-06 2.418041e-06 2.405882e-06 2.351046e-06 2.326012e-06 2.348185e-06 2.347946e-06 2.320051e-06 2.361774e-06 2.376080e-06 2.403021e-06 2.604961e-06 2.609968e-06 2.645016e-06 2.604008e-06 2.684116e-06 2.645969e-06 2.649069e-06 2.629042e-06 2.655029e-06 2.574921e-06 
2.342939e-06 2.336979e-06 2.340078e-06 2.343178e-06 2.341032e-06 2.352953e-06 2.349138e-06 2.342939e-06 2.351046e-06 2.337933e-06 2.458096e-06 2.459049e-06 2.455950e-06 2.460003e-06 2.462864e-06 2.496004e-06 2.460957e-06 2.440929e-06 2.431154e-06 2.454042e-06 5.829334e-07 5.857944e-07 0.000000e+00 5.857944e-07 5.688667e-07 5.819798e-07 5.669594e-07 5.578995e-07 5.600452e-07 5.500317e-07 1.312971e-06 1.257896e-06 1.226902e-06 1.235008e-06 1.329184e-06 1.240015e-06 1.230001e-06 1.224995e-06 1.309872e-06 1.275063e-06 2.307892e-06 2.326965e-06 2.308846e-06 2.324104e-06 2.327919e-06 2.323866e-06 2.302885e-06 2.313137e-06 2.324104e-06 2.319098e-06 2.518892e-06 2.599001e-06 2.508879e-06 2.532005e-06 2.567053e-06 2.570152e-06 2.543926e-06 2.546072e-06 2.575159e-06 2.563000e-06 2.310991e-06 2.345800e-06 2.359152e-06 2.339125e-06 2.323866e-06 2.295017e-06 2.327919e-06 2.351046e-06 2.367020e-06 2.363920e-06 2.559900e-06 2.593994e-06 2.580881e-06 2.620935e-06 2.553940e-06 2.612114e-06 2.561092e-06 2.630949e-06 2.514124e-06 2.597094e-06 2.370119e-06 2.322912e-06 2.333164e-06 2.358913e-06 2.382994e-06 2.393007e-06 2.412081e-06 2.429008e-06 2.390146e-06 2.356052e-06 2.619028e-06 2.655983e-06 2.619028e-06 2.578020e-06 2.536058e-06 2.525806e-06 2.531052e-06 2.607107e-06 2.578974e-06 2.622843e-06 2.444029e-06 2.439022e-06 2.359152e-06 2.353907e-06 2.315998e-06 2.313852e-06 2.329111e-06 2.348900e-06 2.363920e-06 2.372980e-06 2.600908e-06 2.656937e-06 2.683878e-06 2.678156e-06 2.661943e-06 2.731085e-06 2.712965e-06 2.724886e-06 2.664089e-06 2.629995e-06 
2.352953e-06 2.339840e-06 2.349854e-06 2.348185e-06 2.338886e-06 2.345085e-06 2.346992e-06 2.332926e-06 2.345085e-06 2.336979e-06 2.463102e-06 2.455950e-06 2.450943e-06 2.475977e-06 2.470016e-06 2.500057e-06 2.460003e-06 2.477169e-06 2.474070e-06 2.461910e-06 5.619526e-07 5.578995e-07 5.857944e-07 0.000000e+00 5.421638e-07 4.980564e-07 5.619526e-07 5.559921e-07 5.590916e-07 5.648136e-07 1.286983e-06 1.389980e-06 1.235008e-06 1.291990e-06 1.285076e-06 1.260996e-06 1.266003e-06 1.301050e-06 1.245022e-06 1.352072e-06 2.322912e-06 2.310038e-06 2.331972e-06 2.336025e-06 2.336979e-06 2.317905e-06 2.321005e-06 2.320051e-06 2.329111e-06 2.342939e-06 2.628088e-06 2.522945e-06 2.539873e-06 2.599001e-06 2.577066e-06 2.599001e-06 2.571106e-06 2.593994e-06 2.554893e-06 2.590895e-06 2.327919e-06 2.347946e-06 2.344131e-06 2.327919e-06 2.323866e-06 2.301931e-06 2.325058e-06 2.355099e-06 2.372980e-06 2.358913e-06 2.535105e-06 2.582073e-06 2.598047e-06 2.562046e-06 2.619028e-06 2.526045e-06 2.523899e-06 2.594948e-06 2.650023e-06 2.624989e-06 2.364874e-06 2.333879e-06 2.330780e-06 2.356052e-06 2.382994e-06 2.395868e-06 2.429008e-06 2.405167e-06 2.399921e-06 2.343178e-06 2.640963e-06 2.697945e-06 2.674103e-06 2.614975e-06 2.602100e-06 2.609015e-06 2.579927e-06 2.554893e-06 2.610922e-06 2.662897e-06 2.460957e-06 2.453089e-06 2.343893e-06 2.346992e-06 2.326965e-06 2.319813e-06 2.315044e-06 2.334118e-06 2.379894e-06 2.388954e-06 2.593040e-06 2.532959e-06 2.634048e-06 2.608061e-06 2.691031e-06 2.675056e-06 2.652884e-06 2.778053e-06 2.692938e-06 2.640009e-06 
2.346992e-06 2.349138e-06 2.341986e-06 2.340078e-06 2.341986e-06 2.335072e-06 2.333879e-06 2.331018e-06 2.338886e-06 2.336979e-06 2.444983e-06 2.455950e-06 2.465010e-06 2.454042e-06 2.459049e-06 2.518177e-06 2.438068e-06 2.460003e-06 2.476931e-06 2.438068e-06 5.769730e-07 5.378723e-07 5.688667e-07 5.421638e-07 0.000000e+00 5.450249e-07 5.559921e-07 5.629063e-07 5.559921e-07 5.700588e-07 1.291990e-06 1.269102e-06 1.284838e-06 1.281977e-06 1.287937e-06 1.278877e-06 1.266956e-06 1.280069e-06 1.291990e-06 1.252890e-06 2.310991e-06 2.311945e-06 2.289057e-06 2.326012e-06 2.322912e-06 2.326012e-06 2.314091e-06 2.325058e-06 2.315998e-06 2.317905e-06 2.561092e-06 2.614021e-06 2.572060e-06 2.570868e-06 2.573967e-06 2.572775e-06 2.560139e-06 2.585888e-06 2.577066e-06 2.629995e-06 2.304077e-06 2.329111e-06 2.354145e-06 2.341032e-06 2.326965e-06 2.324104e-06 2.320051e-06 2.334833e-06 2.356052e-06 2.382040e-06 2.604961e-06 2.578974e-06 2.596855e-06 2.604961e-06 2.654076e-06 2.642870e-06 2.570152e-06 2.543926e-06 2.575159e-06 2.644062e-06 2.411842e-06 2.311945e-06 2.331018e-06 2.340794e-06 2.368212e-06 2.387047e-06 2.405167e-06 2.418041e-06 2.378941e-06 2.384186e-06 2.685070e-06 2.635002e-06 2.648115e-06 2.624989e-06 2.530098e-06 2.572060e-06 2.552032e-06 2.651930e-06 2.562046e-06 2.621889e-06 2.449036e-06 2.415895e-06 2.395868e-06 2.361059e-06 2.319813e-06 2.328873e-06 2.318144e-06 2.355099e-06 2.354145e-06 2.365112e-06 2.585888e-06 2.606869e-06 2.651215e-06 2.693892e-06 2.658844e-06 2.722025e-06 2.748966e-06 2.774000e-06 2.681971e-06 2.649069e-06 
