0.000000e+00 2.851779e-10 2.738779e-10 2.734151e-10 2.738252e-10 2.736619e-10 2.740450e-10 2.730689e-10 2.741311e-10 2.735500e-10 3.017921e-10 3.020530e-10 3.020611e-10 3.019550e-10 3.018422e-10 3.016989e-10 3.020461e-10 3.019171e-10 3.021269e-10 3.043771e-10 2.747591e-10 2.726970e-10 2.726519e-10 2.728040e-10 2.725520e-10 2.725699e-10 2.725489e-10 2.724910e-10 2.726500e-10 2.725229e-10 2.787499e-10 2.787049e-10 2.787290e-10 2.785881e-10 2.788620e-10 2.785590e-10 2.785809e-10 2.785618e-10 2.786582e-10 2.786419e-10 2.734480e-10 2.736449e-10 2.737591e-10 2.738252e-10 2.738020e-10 2.736652e-10 2.735581e-10 2.734799e-10 2.734950e-10 2.735770e-10 2.796040e-10 2.793760e-10 2.797210e-10 2.793849e-10 2.794199e-10 2.795081e-10 2.793911e-10 2.795591e-10 2.794471e-10 2.792850e-10 2.728438e-10 2.727499e-10 2.730238e-10 2.732620e-10 2.727540e-10 2.728260e-10 2.728758e-10 2.728982e-10 2.728620e-10 2.728841e-10 2.788301e-10 2.786641e-10 2.792418e-10 2.787759e-10 2.786880e-10 2.787480e-10 2.788770e-10 2.786241e-10 2.788811e-10 2.791829e-10 2.731330e-10 2.727430e-10 2.726688e-10 2.727170e-10 2.729621e-10 2.727971e-10 2.728858e-10 2.728419e-10 2.727969e-10 2.726409e-10 2.794299e-10 2.785850e-10 2.787690e-10 2.786410e-10 2.788739e-10 2.785850e-10 2.787731e-10 2.793171e-10 2.786450e-10 2.787111e-10 2.726700e-10 2.727900e-10 2.729352e-10 2.726040e-10 2.730510e-10 2.727721e-10 2.728128e-10 2.725551e-10 2.726231e-10 2.727430e-10 2.792649e-10 2.785399e-10 2.785249e-10 2.784891e-10 2.785220e-10 2.791362e-10 2.785130e-10 2.784832e-10 2.786050e-10 2.784970e-10 
2.851779e-10 0.000000e+00 2.622049e-10 2.616498e-10 2.619822e-10 2.616260e-10 2.616301e-10 2.615919e-10 2.615869e-10 2.615342e-10 2.890840e-10 2.888491e-10 2.887340e-10 2.887678e-10 2.886539e-10 2.884569e-10 2.888231e-10 2.886930e-10 2.889719e-10 2.894161e-10 2.652431e-10 2.619560e-10 2.618480e-10 2.618010e-10 2.618580e-10 2.617879e-10 2.616630e-10 2.616739e-10 2.618330e-10 2.616949e-10 2.675121e-10 2.677891e-10 2.676351e-10 2.676501e-10 2.677300e-10 2.675779e-10 2.674420e-10 2.676661e-10 2.676110e-10 2.674079e-10 2.626939e-10 2.625721e-10 2.625680e-10 2.626979e-10 2.627640e-10 2.626700e-10 2.625048e-10 2.627668e-10 2.626271e-10 2.626002e-10 2.683511e-10 2.681680e-10 2.684751e-10 2.681720e-10 2.683589e-10 2.683709e-10 2.682831e-10 2.682500e-10 2.682800e-10 2.683668e-10 2.617061e-10 2.618260e-10 2.618120e-10 2.619581e-10 2.617180e-10 2.617819e-10 2.617631e-10 2.617030e-10 2.618020e-10 2.617340e-10 2.675860e-10 2.675641e-10 2.676721e-10 2.676480e-10 2.674592e-10 2.675700e-10 2.681940e-10 2.675350e-10 2.677369e-10 2.674899e-10 2.618680e-10 2.618871e-10 2.617900e-10 2.618248e-10 2.617140e-10 2.648249e-10 2.618511e-10 2.617979e-10 2.618532e-10 2.618258e-10 2.677162e-10 2.674541e-10 2.676752e-10 2.674899e-10 2.677348e-10 2.675018e-10 2.676051e-10 2.678640e-10 2.674999e-10 2.674491e-10 2.618420e-10 2.619309e-10 2.620320e-10 2.618480e-10 2.619052e-10 2.618191e-10 2.618761e-10 2.618320e-10 2.617719e-10 2.616899e-10 2.678082e-10 2.676709e-10 2.676110e-10 2.676079e-10 2.675750e-10 2.676470e-10 2.675881e-10 2.677691e-10 2.674520e-10 2.675469e-10 
2.738779e-10 2.622049e-10 0.000000e+00 2.620690e-10 2.624910e-10 2.620082e-10 2.618210e-10 2.618461e-10 2.623389e-10 2.615948e-10 2.881289e-10 2.882068e-10 2.882869e-10 2.883060e-10 2.881460e-10 2.880311e-10 2.879720e-10 2.879992e-10 2.880950e-10 2.885580e-10 2.538831e-10 2.508261e-10 2.506120e-10 2.506361e-10 2.504549e-10 2.505200e-10 2.504909e-10 2.505810e-10 2.506690e-10 2.506270e-10 2.563982e-10 2.563460e-10 2.563941e-10 2.563958e-10 2.563910e-10 2.562871e-10 2.563992e-10 2.562902e-10 2.562518e-10 2.563472e-10 2.513640e-10 2.513752e-10 2.513599e-10 2.513578e-10 2.515011e-10 2.514629e-10 2.515101e-10 2.513580e-10 2.513399e-10 2.512312e-10 2.575779e-10 2.570240e-10 2.572441e-10 2.570131e-10 2.571242e-10 2.572200e-10 2.571008e-10 2.571120e-10 2.569761e-10 2.570372e-10 2.505069e-10 2.507110e-10 2.504730e-10 2.504182e-10 2.505591e-10 2.504261e-10 2.505479e-10 2.503839e-10 2.505779e-10 2.505140e-10 2.569141e-10 2.563281e-10 2.563131e-10 2.563570e-10 2.562490e-10 2.562931e-10 2.562330e-10 2.563140e-10 2.562768e-10 2.562380e-10 2.506211e-10 2.509811e-10 2.504950e-10 2.505920e-10 2.504909e-10 2.511330e-10 2.506371e-10 2.507210e-10 2.505281e-10 2.509019e-10 2.564900e-10 2.562940e-10 2.563131e-10 2.563961e-10 2.565739e-10 2.562392e-10 2.565300e-10 2.566628e-10 2.564712e-10 2.563930e-10 2.506411e-10 2.506680e-10 2.507000e-10 2.506280e-10 2.506430e-10 2.506630e-10 2.507110e-10 2.506680e-10 2.506001e-10 2.505851e-10 2.566519e-10 2.563801e-10 2.563329e-10 2.563281e-10 2.564511e-10 2.563190e-10 2.562702e-10 2.562871e-10 2.563152e-10 2.564240e-10 
2.734151e-10 2.616498e-10 2.620690e-10 0.000000e+00 2.634211e-10 2.618980e-10 2.617161e-10 2.620292e-10 2.617710e-10 2.616091e-10 2.883279e-10 2.883661e-10 2.882779e-10 2.881608e-10 2.882419e-10 2.880421e-10 2.881970e-10 2.882531e-10 2.882600e-10 2.886360e-10 2.537189e-10 2.507360e-10 2.505851e-10 2.505438e-10 2.505529e-10 2.502279e-10 2.504320e-10 2.503500e-10 2.505350e-10 2.504711e-10 2.563729e-10 2.563469e-10 2.563701e-10 2.562449e-10 2.563610e-10 2.564082e-10 2.564428e-10 2.563851e-10 2.563081e-10 2.562978e-10 2.513788e-10 2.514448e-10 2.513852e-10 2.513559e-10 2.514501e-10 2.515199e-10 2.513869e-10 2.513649e-10 2.513590e-10 2.513630e-10 2.572019e-10 2.569900e-10 2.572799e-10 2.569790e-10 2.570691e-10 2.570760e-10 2.570438e-10 2.572069e-10 2.569408e-10 2.570000e-10 2.505019e-10 2.505772e-10 2.506039e-10 2.505538e-10 2.506371e-10 2.504640e-10 2.505670e-10 2.504501e-10 2.506149e-10 2.505341e-10 2.563310e-10 2.563329e-10 2.564840e-10 2.564130e-10 2.563429e-10 2.563539e-10 2.564409e-10 2.564020e-10 2.563810e-10 2.564700e-10 2.507598e-10 2.505138e-10 2.504652e-10 2.506490e-10 2.506220e-10 2.505941e-10 2.505078e-10 2.505128e-10 2.506452e-10 2.504580e-10 2.572370e-10 2.562370e-10 2.563119e-10 2.562919e-10 2.566531e-10 2.563438e-10 2.563932e-10 2.564349e-10 2.567608e-10 2.561469e-10 2.505350e-10 2.503819e-10 2.504520e-10 2.504802e-10 2.504470e-10 2.504070e-10 2.504640e-10 2.505560e-10 2.504120e-10 2.505381e-10 2.565730e-10 2.562530e-10 2.562599e-10 2.562768e-10 2.562442e-10 2.561531e-10 2.561712e-10 2.562189e-10 2.560880e-10 2.561140e-10 
2.738252e-10 2.619822e-10 2.624910e-10 2.634211e-10 0.000000e+00 2.616451e-10 2.620020e-10 2.618611e-10 2.620971e-10 2.612932e-10 2.881200e-10 2.884059e-10 2.886090e-10 2.882950e-10 2.883630e-10 2.884259e-10 2.883382e-10 2.882371e-10 2.883558e-10 2.886329e-10 2.650800e-10 2.619779e-10 2.617972e-10 2.617900e-10 2.618620e-10 2.617061e-10 2.617509e-10 2.616820e-10 2.616639e-10 2.616320e-10 2.674370e-10 2.675102e-10 2.674220e-10 2.674360e-10 2.674601e-10 2.674952e-10 2.674630e-10 2.675178e-10 2.676489e-10 2.675710e-10 2.624540e-10 2.624629e-10 2.624400e-10 2.624230e-10 2.625151e-10 2.625339e-10 2.626071e-10 2.625160e-10 2.624438e-10 2.625308e-10 2.682819e-10 2.683079e-10 2.685020e-10 2.681930e-10 2.682660e-10 2.682700e-10 2.681251e-10 2.683141e-10 2.681439e-10 2.682090e-10 2.619681e-10 2.617500e-10 2.616320e-10 2.623260e-10 2.618580e-10 2.617159e-10 2.618051e-10 2.617049e-10 2.617438e-10 2.617190e-10 2.674432e-10 2.675021e-10 2.674010e-10 2.674899e-10 2.673421e-10 2.674901e-10 2.675250e-10 2.674451e-10 2.673910e-10 2.673521e-10 2.617579e-10 2.616060e-10 2.622550e-10 2.617531e-10 2.618251e-10 2.617929e-10 2.617941e-10 2.616661e-10 2.615390e-10 2.616839e-10 2.685730e-10 2.674789e-10 2.676568e-10 2.677560e-10 2.675459e-10 2.673290e-10 2.675450e-10 2.677920e-10 2.677650e-10 2.674491e-10 2.619188e-10 2.618930e-10 2.618940e-10 2.618699e-10 2.618279e-10 2.619190e-10 2.618670e-10 2.618730e-10 2.617772e-10 2.618330e-10 2.678690e-10 2.676220e-10 2.674241e-10 2.675581e-10 2.674470e-10 2.674260e-10 2.674489e-10 2.673390e-10 2.675490e-10 2.674749e-10 
2.736619e-10 2.616260e-10 2.620082e-10 2.618980e-10 2.616451e-10 0.000000e+00 2.621419e-10 2.616839e-10 2.619629e-10 2.616179e-10 2.886040e-10 2.884822e-10 2.884920e-10 2.881901e-10 2.882080e-10 2.881582e-10 2.882478e-10 2.884040e-10 2.882769e-10 2.886069e-10 2.536330e-10 2.507200e-10 2.506628e-10 2.506859e-10 2.505641e-10 2.504840e-10 2.505310e-10 2.506530e-10 2.506840e-10 2.506011e-10 2.563879e-10 2.564862e-10 2.564671e-10 2.564151e-10 2.564321e-10 2.563770e-10 2.564759e-10 2.564421e-10 2.563109e-10 2.564640e-10 2.514818e-10 2.515118e-10 2.515659e-10 2.515450e-10 2.515240e-10 2.516441e-10 2.515020e-10 2.514522e-10 2.514930e-10 2.513061e-10 2.572870e-10 2.571280e-10 2.573180e-10 2.570529e-10 2.571390e-10 2.572348e-10 2.571700e-10 2.572119e-10 2.569232e-10 2.571080e-10 2.506039e-10 2.505910e-10 2.506142e-10 2.510118e-10 2.507122e-10 2.506731e-10 2.507000e-10 2.506528e-10 2.506080e-10 2.506909e-10 2.564080e-10 2.569489e-10 2.564471e-10 2.564549e-10 2.563310e-10 2.564290e-10 2.564280e-10 2.563691e-10 2.563820e-10 2.563601e-10 2.508831e-10 2.505541e-10 2.505410e-10 2.511880e-10 2.507191e-10 2.505770e-10 2.507160e-10 2.510478e-10 2.508321e-10 2.506111e-10 2.572830e-10 2.563341e-10 2.564259e-10 2.563472e-10 2.566311e-10 2.563958e-10 2.564871e-10 2.565172e-10 2.564142e-10 2.562959e-10 2.506182e-10 2.505980e-10 2.506881e-10 2.506552e-10 2.507501e-10 2.504969e-10 2.506700e-10 2.506750e-10 2.504389e-10 2.506080e-10 2.565770e-10 2.566478e-10 2.563560e-10 2.562928e-10 2.564580e-10 2.562401e-10 2.564690e-10 2.563970e-10 2.562900e-10 2.563090e-10 
2.740450e-10 2.616301e-10 2.618210e-10 2.617161e-10 2.620020e-10 2.621419e-10 0.000000e+00 2.617269e-10 2.619641e-10 2.618330e-10 2.884932e-10 2.882011e-10 2.883320e-10 2.881610e-10 2.881420e-10 2.879970e-10 2.880969e-10 2.880342e-10 2.882440e-10 2.884622e-10 2.535338e-10 2.507010e-10 2.505820e-10 2.504830e-10 2.511220e-10 2.504470e-10 2.505240e-10 2.506089e-10 2.505801e-10 2.504179e-10 2.563870e-10 2.563820e-10 2.565150e-10 2.562640e-10 2.562659e-10 2.562871e-10 2.564120e-10 2.563882e-10 2.562439e-10 2.565570e-10 2.522509e-10 2.517130e-10 2.513750e-10 2.514379e-10 2.514660e-10 2.515061e-10 2.514570e-10 2.514420e-10 2.513981e-10 2.512939e-10 2.571678e-10 2.574909e-10 2.572110e-10 2.571161e-10 2.571239e-10 2.575369e-10 2.570310e-10 2.571390e-10 2.568932e-10 2.570131e-10 2.508419e-10 2.505980e-10 2.504292e-10 2.508359e-10 2.506549e-10 2.504971e-10 2.505090e-10 2.505891e-10 2.505908e-10 2.506149e-10 2.564240e-10 2.563851e-10 2.562499e-10 2.564580e-10 2.562392e-10 2.562840e-10 2.561738e-10 2.562451e-10 2.562621e-10 2.562110e-10 2.506502e-10 2.504251e-10 2.505400e-10 2.504711e-10 2.505150e-10 2.504969e-10 2.505710e-10 2.505710e-10 2.504361e-10 2.505190e-10 2.573020e-10 2.562070e-10 2.564840e-10 2.561760e-10 2.565641e-10 2.563138e-10 2.565970e-10 2.564960e-10 2.563169e-10 2.562041e-10 2.505710e-10 2.506859e-10 2.507930e-10 2.510979e-10 2.507710e-10 2.507150e-10 2.507241e-10 2.511570e-10 2.506509e-10 2.505369e-10 2.567091e-10 2.563829e-10 2.564070e-10 2.562959e-10 2.564788e-10 2.563221e-10 2.563100e-10 2.563140e-10 2.563760e-10 2.562819e-10 
2.730689e-10 2.615919e-10 2.618461e-10 2.620292e-10 2.618611e-10 2.616839e-10 2.617269e-10 0.000000e+00 2.620850e-10 2.617629e-10 2.882779e-10 2.884109e-10 2.884588e-10 2.884319e-10 2.882659e-10 2.881658e-10 2.882252e-10 2.882710e-10 2.882471e-10 2.885571e-10 2.537298e-10 2.507999e-10 2.507150e-10 2.505851e-10 2.505898e-10 2.506630e-10 2.504411e-10 2.508221e-10 2.505891e-10 2.506540e-10 2.564380e-10 2.564490e-10 2.563679e-10 2.564881e-10 2.564499e-10 2.563829e-10 2.564728e-10 2.565250e-10 2.564130e-10 2.565160e-10 2.514899e-10 2.518332e-10 2.516069e-10 2.515428e-10 2.515581e-10 2.516320e-10 2.513659e-10 2.515960e-10 2.514050e-10 2.514479e-10 2.572570e-10 2.570450e-10 2.572210e-10 2.571120e-10 2.572780e-10 2.572839e-10 2.571652e-10 2.572119e-10 2.570040e-10 2.570672e-10 2.506559e-10 2.506962e-10 2.506580e-10 2.506220e-10 2.507091e-10 2.506671e-10 2.506750e-10 2.506020e-10 2.507401e-10 2.506959e-10 2.564149e-10 2.564340e-10 2.563090e-10 2.564960e-10 2.562981e-10 2.564280e-10 2.568412e-10 2.565062e-10 2.565570e-10 2.563589e-10 2.507780e-10 2.504539e-10 2.506709e-10 2.507401e-10 2.505140e-10 2.506909e-10 2.506981e-10 2.506740e-10 2.511799e-10 2.506940e-10 2.573140e-10 2.563951e-10 2.563419e-10 2.564719e-10 2.566762e-10 2.563529e-10 2.564781e-10 2.565761e-10 2.564330e-10 2.562890e-10 2.506490e-10 2.505479e-10 2.506320e-10 2.506230e-10 2.506168e-10 2.506270e-10 2.507679e-10 2.505729e-10 2.505331e-10 2.505589e-10 2.566738e-10 2.562990e-10 2.568412e-10 2.563779e-10 2.563531e-10 2.561600e-10 2.566540e-10 2.561800e-10 2.561841e-10 2.562070e-10 
2.741311e-10 2.615869e-10 2.623389e-10 2.617710e-10 2.620971e-10 2.619629e-10 2.619641e-10 2.620850e-10 0.000000e+00 2.616470e-10 2.880120e-10 2.883441e-10 2.881451e-10 2.880459e-10 2.880960e-10 2.879639e-10 2.881541e-10 2.879829e-10 2.882018e-10 2.884870e-10 2.534840e-10 2.515650e-10 2.504940e-10 2.508268e-10 2.509670e-10 2.504439e-10 2.504549e-10 2.504239e-10 2.504771e-10 2.504110e-10 2.562160e-10 2.563069e-10 2.563128e-10 2.562020e-10 2.561948e-10 2.560871e-10 2.561979e-10 2.562439e-10 2.562509e-10 2.561212e-10 2.514119e-10 2.513580e-10 2.512889e-10 2.512059e-10 2.513211e-10 2.513199e-10 2.512450e-10 2.512450e-10 2.512350e-10 2.509408e-10 2.570300e-10 2.568939e-10 2.572281e-10 2.568679e-10 2.570381e-10 2.570429e-10 2.569649e-10 2.569540e-10 2.568600e-10 2.568350e-10 2.505670e-10 2.504780e-10 2.504392e-10 2.504280e-10 2.505391e-10 2.503951e-10 2.504210e-10 2.504280e-10 2.504840e-10 2.503700e-10 2.562349e-10 2.563059e-10 2.562501e-10 2.563181e-10 2.560482e-10 2.561820e-10 2.560921e-10 2.561350e-10 2.562511e-10 2.561851e-10 2.505200e-10 2.501960e-10 2.504859e-10 2.503948e-10 2.503998e-10 2.504671e-10 2.504702e-10 2.504380e-10 2.504261e-10 2.503929e-10 2.562900e-10 2.561631e-10 2.561069e-10 2.561181e-10 2.562830e-10 2.562289e-10 2.561941e-10 2.564621e-10 2.562189e-10 2.561121e-10 2.504900e-10 2.505331e-10 2.504110e-10 2.504852e-10 2.504160e-10 2.506070e-10 2.506199e-10 2.504268e-10 2.504611e-10 2.504671e-10 2.564380e-10 2.561159e-10 2.561481e-10 2.563400e-10 2.562129e-10 2.562690e-10 2.561409e-10 2.561779e-10 2.560880e-10 2.561009e-10 
2.735500e-10 2.615342e-10 2.615948e-10 2.616091e-10 2.612932e-10 2.616179e-10 2.618330e-10 2.617629e-10 2.616470e-10 0.000000e+00 3.029580e-10 2.815089e-10 2.812610e-10 2.816720e-10 2.813699e-10 2.811720e-10 2.812879e-10 2.811248e-10 2.815320e-10 2.815340e-10 2.574821e-10 2.544971e-10 2.545481e-10 2.545319e-10 2.544651e-10 2.543991e-10 2.543681e-10 2.543900e-10 2.544990e-10 2.543931e-10 2.602041e-10 2.603350e-10 2.603521e-10 2.603171e-10 2.602649e-10 2.601812e-10 2.602332e-10 2.603049e-10 2.601609e-10 2.602429e-10 2.554500e-10 2.552190e-10 2.554049e-10 2.552578e-10 2.552540e-10 2.553790e-10 2.553101e-10 2.553310e-10 2.551401e-10 2.551751e-10 2.609699e-10 2.608259e-10 2.610898e-10 2.608509e-10 2.609501e-10 2.610540e-10 2.609520e-10 2.610149e-10 2.607379e-10 2.608671e-10 2.543612e-10 2.545829e-10 2.544310e-10 2.544119e-10 2.545142e-10 2.544351e-10 2.545030e-10 2.544520e-10 2.546010e-10 2.544148e-10 2.602110e-10 2.601440e-10 2.602708e-10 2.603021e-10 2.600930e-10 2.602990e-10 2.601421e-10 2.601299e-10 2.602372e-10 2.602131e-10 2.547219e-10 2.543950e-10 2.543900e-10 2.544508e-10 2.544198e-10 2.544751e-10 2.545190e-10 2.545059e-10 2.543871e-10 2.543321e-10 2.611990e-10 2.600911e-10 2.602980e-10 2.600482e-10 2.603300e-10 2.602532e-10 2.602191e-10 2.604671e-10 2.601731e-10 2.601671e-10 2.544310e-10 2.545388e-10 2.544730e-10 2.546170e-10 2.545679e-10 2.545271e-10 2.545981e-10 2.545409e-10 2.545831e-10 2.544219e-10 2.606041e-10 2.601700e-10 2.603118e-10 2.601261e-10 2.602921e-10 2.600820e-10 2.600522e-10 2.600858e-10 2.601390e-10 2.600012e-10 
3.017921e-10 2.890840e-10 2.881289e-10 2.883279e-10 2.881200e-10 2.886040e-10 2.884932e-10 2.882779e-10 2.880120e-10 3.029580e-10 0.000000e+00 2.636552e-10 2.632530e-10 2.628059e-10 2.631071e-10 2.628891e-10 2.634349e-10 2.629271e-10 2.633901e-10 2.630100e-10 2.575319e-10 2.546282e-10 2.545290e-10 2.546020e-10 2.544870e-10 2.545111e-10 2.545650e-10 2.544720e-10 2.545140e-10 2.545171e-10 2.603111e-10 2.603889e-10 2.605088e-10 2.603259e-10 2.602580e-10 2.602260e-10 2.603631e-10 2.602830e-10 2.603052e-10 2.605641e-10 2.554259e-10 2.553859e-10 2.554240e-10 2.554331e-10 2.553740e-10 2.554622e-10 2.554071e-10 2.554250e-10 2.553821e-10 2.553351e-10 2.611620e-10 2.610140e-10 2.612081e-10 2.609119e-10 2.610550e-10 2.611129e-10 2.610540e-10 2.611120e-10 2.609360e-10 2.609708e-10 2.544811e-10 2.545371e-10 2.545872e-10 2.545269e-10 2.545910e-10 2.545760e-10 2.547011e-10 2.545190e-10 2.545111e-10 2.545252e-10 2.604380e-10 2.603180e-10 2.603641e-10 2.604220e-10 2.601480e-10 2.603040e-10 2.603099e-10 2.601731e-10 2.603419e-10 2.602761e-10 2.548242e-10 2.543859e-10 2.545230e-10 2.545631e-10 2.544470e-10 2.545450e-10 2.547560e-10 2.545199e-10 2.544959e-10 2.544110e-10 2.611458e-10 2.600899e-10 2.603071e-10 2.602320e-10 2.603650e-10 2.603321e-10 2.604010e-10 2.604771e-10 2.604420e-10 2.602241e-10 2.545929e-10 2.545910e-10 2.546220e-10 2.545638e-10 2.546670e-10 2.545860e-10 2.546811e-10 2.545769e-10 2.544899e-10 2.545478e-10 2.605810e-10 2.619081e-10 2.603259e-10 2.602620e-10 2.603240e-10 2.602398e-10 2.603049e-10 2.602251e-10 2.602029e-10 2.601480e-10 
3.020530e-10 2.888491e-10 2.882068e-10 2.883661e-10 2.884059e-10 2.884822e-10 2.882011e-10 2.884109e-10 2.883441e-10 2.815089e-10 2.636552e-10 0.000000e+00 2.628019e-10 2.623050e-10 2.626250e-10 2.621140e-10 2.625530e-10 2.623630e-10 2.623601e-10 2.621450e-10 2.576630e-10 2.547960e-10 2.547669e-10 2.546349e-10 2.546000e-10 2.545981e-10 2.546809e-10 2.544680e-10 2.546721e-10 2.546761e-10 2.603750e-10 2.603610e-10 2.603700e-10 2.603190e-10 2.603819e-10 2.604182e-10 2.604949e-10 2.603910e-10 2.603722e-10 2.604270e-10 2.555299e-10 2.555332e-10 2.555308e-10 2.554531e-10 2.556591e-10 2.555540e-10 2.555039e-10 2.553198e-10 2.555020e-10 2.553658e-10 2.612309e-10 2.611251e-10 2.612681e-10 2.610679e-10 2.611110e-10 2.613449e-10 2.612081e-10 2.613299e-10 2.610199e-10 2.609940e-10 2.546191e-10 2.546670e-10 2.547290e-10 2.547100e-10 2.548079e-10 2.546499e-10 2.547269e-10 2.546470e-10 2.547190e-10 2.546592e-10 2.604408e-10 2.604458e-10 2.603889e-10 2.605948e-10 2.604210e-10 2.604909e-10 2.604420e-10 2.604392e-10 2.604909e-10 2.604489e-10 2.548432e-10 2.546301e-10 2.546821e-10 2.546990e-10 2.546721e-10 2.547610e-10 2.547460e-10 2.546480e-10 2.547030e-10 2.551038e-10 2.613800e-10 2.604609e-10 2.604239e-10 2.603381e-10 2.607770e-10 2.602119e-10 2.604511e-10 2.609379e-10 2.603481e-10 2.604499e-10 2.546270e-10 2.547421e-10 2.547231e-10 2.546921e-10 2.547641e-10 2.547662e-10 2.546971e-10 2.546730e-10 2.546959e-10 2.546511e-10 2.607460e-10 2.604508e-10 2.609251e-10 2.603760e-10 2.604930e-10 2.604120e-10 2.603221e-10 2.603369e-10 2.604489e-10 2.624590e-10 
3.020611e-10 2.887340e-10 2.882869e-10 2.882779e-10 2.886090e-10 2.884920e-10 2.883320e-10 2.884588e-10 2.881451e-10 2.812610e-10 2.632530e-10 2.628019e-10 0.000000e+00 2.616072e-10 2.622209e-10 2.620101e-10 2.618229e-10 2.615590e-10 2.616410e-10 2.622509e-10 2.574689e-10 2.545271e-10 2.545981e-10 2.545242e-10 2.543399e-10 2.550418e-10 2.544181e-10 2.545540e-10 2.544620e-10 2.544250e-10 2.602019e-10 2.603250e-10 2.601709e-10 2.603650e-10 2.603080e-10 2.601991e-10 2.603440e-10 2.602751e-10 2.601349e-10 2.603230e-10 2.551239e-10 2.552421e-10 2.553818e-10 2.552829e-10 2.554209e-10 2.552891e-10 2.552629e-10 2.552900e-10 2.552681e-10 2.551229e-10 2.610459e-10 2.609022e-10 2.611611e-10 2.609751e-10 2.610042e-10 2.611241e-10 2.609670e-10 2.609692e-10 2.607849e-10 2.607892e-10 2.544930e-10 2.545552e-10 2.545171e-10 2.545259e-10 2.545099e-10 2.545562e-10 2.545409e-10 2.544899e-10 2.544680e-10 2.544651e-10 2.602909e-10 2.603259e-10 2.602918e-10 2.602899e-10 2.601161e-10 2.604380e-10 2.601280e-10 2.602489e-10 2.602110e-10 2.602870e-10 2.546091e-10 2.544730e-10 2.544301e-10 2.545040e-10 2.544141e-10 2.545729e-10 2.544451e-10 2.545080e-10 2.544680e-10 2.543869e-10 2.611048e-10 2.601318e-10 2.602100e-10 2.601049e-10 2.604749e-10 2.601631e-10 2.602050e-10 2.604680e-10 2.601900e-10 2.601941e-10 2.544289e-10 2.545741e-10 2.544940e-10 2.545609e-10 2.543869e-10 2.544999e-10 2.545960e-10 2.544470e-10 2.545040e-10 2.543769e-10 2.605410e-10 2.601550e-10 2.602000e-10 2.601621e-10 2.602811e-10 2.601309e-10 2.601538e-10 2.600770e-10 2.601020e-10 2.600870e-10 
3.019550e-10 2.887678e-10 2.883060e-10 2.881608e-10 2.882950e-10 2.881901e-10 2.881610e-10 2.884319e-10 2.880459e-10 2.816720e-10 2.628059e-10 2.623050e-10 2.616072e-10 0.000000e+00 2.622840e-10 2.617409e-10 2.621150e-10 2.623000e-10 2.621391e-10 2.625918e-10 2.573631e-10 2.545040e-10 2.544799e-10 2.544401e-10 2.542729e-10 2.544041e-10 2.544560e-10 2.544119e-10 2.543218e-10 2.544281e-10 2.602191e-10 2.603750e-10 2.602909e-10 2.602699e-10 2.602448e-10 2.601790e-10 2.602830e-10 2.602351e-10 2.601678e-10 2.602119e-10 2.552218e-10 2.552600e-10 2.553270e-10 2.552071e-10 2.553351e-10 2.553821e-10 2.552350e-10 2.553511e-10 2.551770e-10 2.552249e-10 2.610450e-10 2.609439e-10 2.610579e-10 2.608550e-10 2.609270e-10 2.610350e-10 2.610199e-10 2.610331e-10 2.608302e-10 2.609470e-10 2.545328e-10 2.544801e-10 2.544432e-10 2.543559e-10 2.544470e-10 2.544010e-10 2.545040e-10 2.544620e-10 2.545571e-10 2.545068e-10 2.602942e-10 2.602479e-10 2.602460e-10 2.603250e-10 2.600729e-10 2.602170e-10 2.601550e-10 2.601869e-10 2.602341e-10 2.601330e-10 2.545989e-10 2.543700e-10 2.544250e-10 2.545469e-10 2.544298e-10 2.546408e-10 2.545390e-10 2.544758e-10 2.544611e-10 2.543252e-10 2.611330e-10 2.601719e-10 2.603612e-10 2.601891e-10 2.604649e-10 2.602730e-10 2.602820e-10 2.604830e-10 2.603159e-10 2.601509e-10 2.546010e-10 2.545660e-10 2.545269e-10 2.544181e-10 2.546320e-10 2.545118e-10 2.545171e-10 2.544889e-10 2.543931e-10 2.547731e-10 2.605300e-10 2.601938e-10 2.601368e-10 2.602210e-10 2.605221e-10 2.601259e-10 2.601640e-10 2.602170e-10 2.601669e-10 2.602170e-10 
3.018422e-10 2.886539e-10 2.881460e-10 2.882419e-10 2.883630e-10 2.882080e-10 2.881420e-10 2.882659e-10 2.880960e-10 2.813699e-10 2.631071e-10 2.626250e-10 2.622209e-10 2.622840e-10 0.000000e+00 2.622621e-10 2.635520e-10 2.618110e-10 2.621460e-10 2.621760e-10 2.574551e-10 2.545691e-10 2.545509e-10 2.546101e-10 2.543640e-10 2.543101e-10 2.544270e-10 2.543690e-10 2.543631e-10 2.544129e-10 2.602201e-10 2.601311e-10 2.602000e-10 2.601190e-10 2.603860e-10 2.600670e-10 2.601941e-10 2.601342e-10 2.602611e-10 2.600942e-10 2.550302e-10 2.552900e-10 2.553139e-10 2.551360e-10 2.553320e-10 2.554801e-10 2.550881e-10 2.550290e-10 2.552180e-10 2.551460e-10 2.609570e-10 2.608120e-10 2.610950e-10 2.607422e-10 2.608829e-10 2.609670e-10 2.608752e-10 2.608759e-10 2.607100e-10 2.607830e-10 2.543378e-10 2.544730e-10 2.544138e-10 2.544751e-10 2.544541e-10 2.543890e-10 2.544529e-10 2.543268e-10 2.544949e-10 2.543509e-10 2.601490e-10 2.602639e-10 2.601399e-10 2.603331e-10 2.601061e-10 2.602098e-10 2.600741e-10 2.601440e-10 2.601528e-10 2.600899e-10 2.545872e-10 2.541919e-10 2.543049e-10 2.542970e-10 2.543221e-10 2.543950e-10 2.544701e-10 2.543609e-10 2.543330e-10 2.542188e-10 2.610240e-10 2.600222e-10 2.600060e-10 2.600441e-10 2.602701e-10 2.601781e-10 2.601860e-10 2.603910e-10 2.604029e-10 2.601020e-10 2.544580e-10 2.544599e-10 2.545769e-10 2.544980e-10 2.544971e-10 2.544119e-10 2.545412e-10 2.545209e-10 2.543221e-10 2.542849e-10 2.604399e-10 2.601540e-10 2.601590e-10 2.602150e-10 2.601428e-10 2.600839e-10 2.599769e-10 2.599809e-10 2.600651e-10 2.601089e-10 
3.016989e-10 2.884569e-10 2.880311e-10 2.880421e-10 2.884259e-10 2.881582e-10 2.879970e-10 2.881658e-10 2.879639e-10 2.811720e-10 2.628891e-10 2.621140e-10 2.620101e-10 2.617409e-10 2.622621e-10 0.000000e+00 2.613821e-10 2.618232e-10 2.618642e-10 2.622778e-10 2.575011e-10 2.544949e-10 2.544110e-10 2.544980e-10 2.542770e-10 2.543640e-10 2.544060e-10 2.543979e-10 2.542601e-10 2.544391e-10 2.602181e-10 2.603891e-10 2.601340e-10 2.602811e-10 2.603452e-10 2.600901e-10 2.602830e-10 2.601631e-10 2.602119e-10 2.601390e-10 2.553079e-10 2.552531e-10 2.552600e-10 2.554049e-10 2.552981e-10 2.554810e-10 2.552049e-10 2.552459e-10 2.552321e-10 2.551699e-10 2.610950e-10 2.608891e-10 2.611029e-10 2.608278e-10 2.609191e-10 2.610099e-10 2.609091e-10 2.610290e-10 2.607870e-10 2.608390e-10 2.544799e-10 2.545021e-10 2.545581e-10 2.543631e-10 2.545481e-10 2.544792e-10 2.544961e-10 2.546170e-10 2.544470e-10 2.544968e-10 2.603691e-10 2.601640e-10 2.602301e-10 2.602680e-10 2.601900e-10 2.602401e-10 2.601860e-10 2.603178e-10 2.601919e-10 2.602739e-10 2.546530e-10 2.544990e-10 2.544830e-10 2.544448e-10 2.543242e-10 2.546229e-10 2.546079e-10 2.544830e-10 2.544770e-10 2.544320e-10 2.611849e-10 2.601838e-10 2.602420e-10 2.601240e-10 2.604408e-10 2.602880e-10 2.603910e-10 2.604861e-10 2.603390e-10 2.602172e-10 2.544229e-10 2.544301e-10 2.544670e-10 2.545080e-10 2.545459e-10 2.547331e-10 2.546449e-10 2.546670e-10 2.544999e-10 2.545350e-10 2.605369e-10 2.601981e-10 2.602561e-10 2.616742e-10 2.602839e-10 2.602451e-10 2.600710e-10 2.601631e-10 2.601640e-10 2.601030e-10 
3.020461e-10 2.888231e-10 2.879720e-10 2.881970e-10 2.883382e-10 2.882478e-10 2.880969e-10 2.882252e-10 2.881541e-10 2.812879e-10 2.634349e-10 2.625530e-10 2.618229e-10 2.621150e-10 2.635520e-10 2.613821e-10 0.000000e+00 2.624240e-10 2.626200e-10 2.617791e-10 2.573879e-10 2.545431e-10 2.546279e-10 2.545989e-10 2.544880e-10 2.545581e-10 2.545879e-10 2.544630e-10 2.546020e-10 2.545490e-10 2.603660e-10 2.604718e-10 2.603910e-10 2.604609e-10 2.603469e-10 2.603440e-10 2.604640e-10 2.603981e-10 2.602360e-10 2.603841e-10 2.554541e-10 2.554991e-10 2.553689e-10 2.554021e-10 2.555189e-10 2.554889e-10 2.553241e-10 2.552929e-10 2.554119e-10 2.553329e-10 2.611301e-10 2.610121e-10 2.613649e-10 2.609949e-10 2.612281e-10 2.610970e-10 2.611470e-10 2.611330e-10 2.609940e-10 2.609940e-10 2.547851e-10 2.544830e-10 2.544150e-10 2.544551e-10 2.545829e-10 2.545700e-10 2.545049e-10 2.546561e-10 2.545712e-10 2.545481e-10 2.603240e-10 2.603440e-10 2.602072e-10 2.603259e-10 2.600920e-10 2.601988e-10 2.601089e-10 2.602830e-10 2.602181e-10 2.601700e-10 2.552021e-10 2.544260e-10 2.545440e-10 2.546070e-10 2.544880e-10 2.545619e-10 2.545469e-10 2.544889e-10 2.544770e-10 2.545121e-10 2.609921e-10 2.602370e-10 2.602959e-10 2.601810e-10 2.603991e-10 2.601991e-10 2.602770e-10 2.604241e-10 2.602198e-10 2.602041e-10 2.545280e-10 2.545021e-10 2.545540e-10 2.590871e-10 2.545609e-10 2.545350e-10 2.547300e-10 2.545722e-10 2.544632e-10 2.544761e-10 2.607069e-10 2.602649e-10 2.602279e-10 2.602499e-10 2.602990e-10 2.601070e-10 2.603660e-10 2.600939e-10 2.602680e-10 2.600820e-10 
3.019171e-10 2.886930e-10 2.879992e-10 2.882531e-10 2.882371e-10 2.884040e-10 2.880342e-10 2.882710e-10 2.879829e-10 2.811248e-10 2.629271e-10 2.623630e-10 2.615590e-10 2.623000e-10 2.618110e-10 2.618232e-10 2.624240e-10 0.000000e+00 2.620840e-10 2.625220e-10 2.575169e-10 2.545810e-10 2.545350e-10 2.546220e-10 2.545321e-10 2.543530e-10 2.545190e-10 2.543919e-10 2.544951e-10 2.545409e-10 2.602761e-10 2.603741e-10 2.604101e-10 2.603960e-10 2.603829e-10 2.601731e-10 2.603579e-10 2.604220e-10 2.601390e-10 2.602689e-10 2.553170e-10 2.553091e-10 2.553930e-10 2.553260e-10 2.553201e-10 2.554500e-10 2.551908e-10 2.552609e-10 2.553880e-10 2.551260e-10 2.611892e-10 2.610989e-10 2.612259e-10 2.613730e-10 2.609830e-10 2.610960e-10 2.610869e-10 2.611761e-10 2.609658e-10 2.609351e-10 2.549381e-10 2.545671e-10 2.546060e-10 2.546151e-10 2.546749e-10 2.546360e-10 2.546170e-10 2.545340e-10 2.546470e-10 2.546370e-10 2.604380e-10 2.603419e-10 2.605000e-10 2.604058e-10 2.603340e-10 2.603970e-10 2.607801e-10 2.604022e-10 2.604091e-10 2.602530e-10 2.547488e-10 2.544801e-10 2.545722e-10 2.546659e-10 2.545209e-10 2.545810e-10 2.545810e-10 2.546051e-10 2.545888e-10 2.545881e-10 2.613502e-10 2.604210e-10 2.604780e-10 2.604389e-10 2.605178e-10 2.603080e-10 2.604530e-10 2.605569e-10 2.603199e-10 2.608838e-10 2.546248e-10 2.547991e-10 2.546370e-10 2.548461e-10 2.547021e-10 2.546430e-10 2.547851e-10 2.546909e-10 2.545609e-10 2.550571e-10 2.606430e-10 2.604020e-10 2.604148e-10 2.603621e-10 2.604148e-10 2.609270e-10 2.602801e-10 2.603159e-10 2.602620e-10 2.602179e-10 
3.021269e-10 2.889719e-10 2.880950e-10 2.882600e-10 2.883558e-10 2.882769e-10 2.882440e-10 2.882471e-10 2.882018e-10 2.815320e-10 2.633901e-10 2.623601e-10 2.616410e-10 2.621391e-10 2.621460e-10 2.618642e-10 2.626200e-10 2.620840e-10 0.000000e+00 2.624950e-10 2.575631e-10 2.545772e-10 2.545991e-10 2.544899e-10 2.544541e-10 2.543950e-10 2.545841e-10 2.544711e-10 2.543490e-10 2.546411e-10 2.602808e-10 2.603920e-10 2.602131e-10 2.603140e-10 2.603710e-10 2.602901e-10 2.603331e-10 2.605119e-10 2.601800e-10 2.604561e-10 2.551119e-10 2.553611e-10 2.554052e-10 2.553389e-10 2.554419e-10 2.555301e-10 2.553160e-10 2.552679e-10 2.552969e-10 2.553811e-10 2.609880e-10 2.609329e-10 2.611580e-10 2.609091e-10 2.610018e-10 2.612090e-10 2.613831e-10 2.610798e-10 2.608440e-10 2.608969e-10 2.545011e-10 2.547081e-10 2.544401e-10 2.545171e-10 2.549069e-10 2.546868e-10 2.545540e-10 2.544570e-10 2.546580e-10 2.545450e-10 2.603011e-10 2.603550e-10 2.606380e-10 2.602320e-10 2.600989e-10 2.603450e-10 2.601819e-10 2.601600e-10 2.602808e-10 2.602930e-10 2.547629e-10 2.544041e-10 2.543750e-10 2.545478e-10 2.543671e-10 2.545290e-10 2.546570e-10 2.545509e-10 2.544811e-10 2.545490e-10 2.610090e-10 2.600942e-10 2.602310e-10 2.601340e-10 2.604630e-10 2.601631e-10 2.602289e-10 2.603030e-10 2.603369e-10 2.601559e-10 2.544720e-10 2.549262e-10 2.545090e-10 2.548850e-10 2.546091e-10 2.544999e-10 2.545331e-10 2.546451e-10 2.544219e-10 2.545681e-10 2.605188e-10 2.602341e-10 2.602718e-10 2.602940e-10 2.602921e-10 2.604630e-10 2.602611e-10 2.600532e-10 2.601271e-10 2.600970e-10 
3.043771e-10 2.894161e-10 2.885580e-10 2.886360e-10 2.886329e-10 2.886069e-10 2.884622e-10 2.885571e-10 2.884870e-10 2.815340e-10 2.630100e-10 2.621450e-10 2.622509e-10 2.625918e-10 2.621760e-10 2.622778e-10 2.617791e-10 2.625220e-10 2.624950e-10 0.000000e+00 2.573450e-10 2.544272e-10 2.545359e-10 2.544479e-10 2.542639e-10 2.543490e-10 2.543631e-10 2.544930e-10 2.543449e-10 2.544699e-10 2.605431e-10 2.603288e-10 2.601562e-10 2.602830e-10 2.602720e-10 2.600489e-10 2.601380e-10 2.602870e-10 2.604141e-10 2.602410e-10 2.551582e-10 2.551682e-10 2.551491e-10 2.552361e-10 2.552149e-10 2.553360e-10 2.554278e-10 2.551191e-10 2.550681e-10 2.551820e-10 2.612140e-10 2.608399e-10 2.610350e-10 2.607610e-10 2.609489e-10 2.610779e-10 2.608240e-10 2.609100e-10 2.608390e-10 2.608161e-10 2.544589e-10 2.548189e-10 2.544539e-10 2.544122e-10 2.545421e-10 2.544591e-10 2.544470e-10 2.544010e-10 2.544260e-10 2.546320e-10 2.600369e-10 2.602491e-10 2.601652e-10 2.602580e-10 2.600260e-10 2.601931e-10 2.601221e-10 2.603490e-10 2.602830e-10 2.602890e-10 2.543709e-10 2.543640e-10 2.543781e-10 2.545271e-10 2.544529e-10 2.545090e-10 2.544150e-10 2.543712e-10 2.543828e-10 2.543712e-10 2.606399e-10 2.601421e-10 2.600660e-10 2.604051e-10 2.603791e-10 2.600439e-10 2.602270e-10 2.602360e-10 2.601879e-10 2.601142e-10 2.544682e-10 2.543509e-10 2.544470e-10 2.543640e-10 2.547112e-10 2.544851e-10 2.545760e-10 2.544088e-10 2.544029e-10 2.543378e-10 2.604079e-10 2.600021e-10 2.603450e-10 2.602170e-10 2.601681e-10 2.599561e-10 2.599401e-10 2.599800e-10 2.601440e-10 2.601030e-10 
2.747591e-10 2.652431e-10 2.538831e-10 2.537189e-10 2.650800e-10 2.536330e-10 2.535338e-10 2.537298e-10 2.534840e-10 2.574821e-10 2.575319e-10 2.576630e-10 2.574689e-10 2.573631e-10 2.574551e-10 2.575011e-10 2.573879e-10 2.575169e-10 2.575631e-10 2.573450e-10 0.000000e+00 2.614069e-10 2.617631e-10 2.614071e-10 2.611570e-10 2.611239e-10 2.612360e-10 2.609580e-10 2.612071e-10 2.610161e-10 2.871170e-10 2.868199e-10 2.871790e-10 2.869351e-10 2.869391e-10 2.871311e-10 2.869799e-10 2.871091e-10 2.870350e-10 2.870231e-10 2.637110e-10 2.621081e-10 2.618909e-10 2.624071e-10 2.619152e-10 2.621131e-10 2.618051e-10 2.618799e-10 2.619140e-10 2.619832e-10 2.676480e-10 2.677920e-10 2.678790e-10 2.675869e-10 2.676950e-10 2.677319e-10 2.676580e-10 2.676389e-10 2.676001e-10 2.675989e-10 2.611880e-10 2.612441e-10 2.617559e-10 2.611430e-10 2.611899e-10 2.610910e-10 2.611401e-10 2.612269e-10 2.612970e-10 2.611721e-10 2.669060e-10 2.669170e-10 2.669880e-10 2.669649e-10 2.667460e-10 2.668829e-10 2.669370e-10 2.668271e-10 2.668509e-10 2.668760e-10 2.612979e-10 2.610621e-10 2.612150e-10 2.610738e-10 2.611470e-10 2.619839e-10 2.611289e-10 2.612321e-10 2.611690e-10 2.611580e-10 2.678559e-10 2.668760e-10 2.668588e-10 2.675500e-10 2.670150e-10 2.668209e-10 2.669730e-10 2.673180e-10 2.668641e-10 2.669070e-10 2.610841e-10 2.612910e-10 2.611699e-10 2.610300e-10 2.613208e-10 2.610762e-10 2.614012e-10 2.612040e-10 2.610970e-10 2.611101e-10 2.671890e-10 2.667239e-10 2.671802e-10 2.668772e-10 2.669611e-10 2.668829e-10 2.668331e-10 2.668121e-10 2.668712e-10 2.668810e-10 
2.726970e-10 2.619560e-10 2.508261e-10 2.507360e-10 2.619779e-10 2.507200e-10 2.507010e-10 2.507999e-10 2.515650e-10 2.544971e-10 2.546282e-10 2.547960e-10 2.545271e-10 2.545040e-10 2.545691e-10 2.544949e-10 2.545431e-10 2.545810e-10 2.545772e-10 2.544272e-10 2.614069e-10 0.000000e+00 2.615662e-10 2.613580e-10 2.612531e-10 2.610462e-10 2.610691e-10 2.610850e-10 2.609980e-10 2.613220e-10 2.865622e-10 2.865059e-10 2.866991e-10 2.864771e-10 2.870040e-10 2.865241e-10 2.865412e-10 2.864320e-10 2.866781e-10 2.866240e-10 2.637038e-10 2.621660e-10 2.618902e-10 2.619510e-10 2.619271e-10 2.621641e-10 2.620511e-10 2.618921e-10 2.617700e-10 2.619879e-10 2.676940e-10 2.675321e-10 2.678671e-10 2.675040e-10 2.675331e-10 2.675591e-10 2.676442e-10 2.676451e-10 2.681689e-10 2.676311e-10 2.612290e-10 2.612169e-10 2.612009e-10 2.612560e-10 2.612581e-10 2.611070e-10 2.611530e-10 2.611248e-10 2.610540e-10 2.611351e-10 2.669289e-10 2.669401e-10 2.669761e-10 2.677050e-10 2.668750e-10 2.669039e-10 2.670078e-10 2.668970e-10 2.669401e-10 2.668028e-10 2.611849e-10 2.611179e-10 2.611661e-10 2.611880e-10 2.610841e-10 2.618520e-10 2.610199e-10 2.610641e-10 2.609432e-10 2.611551e-10 2.676702e-10 2.667580e-10 2.668500e-10 2.668650e-10 2.679849e-10 2.668550e-10 2.669299e-10 2.670250e-10 2.668889e-10 2.668431e-10 2.611489e-10 2.612481e-10 2.611668e-10 2.610662e-10 2.611549e-10 2.610471e-10 2.612281e-10 2.612278e-10 2.613330e-10 2.610550e-10 2.672708e-10 2.667799e-10 2.669110e-10 2.669520e-10 2.668490e-10 2.667630e-10 2.668660e-10 2.667961e-10 2.668869e-10 2.669609e-10 
2.726519e-10 2.618480e-10 2.506120e-10 2.505851e-10 2.617972e-10 2.506628e-10 2.505820e-10 2.507150e-10 2.504940e-10 2.545481e-10 2.545290e-10 2.547669e-10 2.545981e-10 2.544799e-10 2.545509e-10 2.544110e-10 2.546279e-10 2.545350e-10 2.545991e-10 2.545359e-10 2.617631e-10 2.615662e-10 0.000000e+00 2.613208e-10 2.608581e-10 2.611251e-10 2.612860e-10 2.612021e-10 2.615061e-10 2.611070e-10 2.868521e-10 2.866390e-10 2.864480e-10 2.865970e-10 2.868199e-10 2.868130e-10 2.867148e-10 2.867510e-10 2.868919e-10 2.865231e-10 2.635350e-10 2.619610e-10 2.618730e-10 2.619832e-10 2.619929e-10 2.620809e-10 2.618670e-10 2.619700e-10 2.618399e-10 2.619591e-10 2.676640e-10 2.681069e-10 2.685239e-10 2.676020e-10 2.676311e-10 2.678609e-10 2.676980e-10 2.676470e-10 2.676470e-10 2.675300e-10 2.611241e-10 2.611609e-10 2.612562e-10 2.613909e-10 2.612510e-10 2.612400e-10 2.611752e-10 2.618921e-10 2.611811e-10 2.611451e-10 2.670021e-10 2.669001e-10 2.670100e-10 2.669899e-10 2.670870e-10 2.669141e-10 2.670310e-10 2.669029e-10 2.668951e-10 2.668910e-10 2.612062e-10 2.611411e-10 2.611260e-10 2.611659e-10 2.611032e-10 2.611971e-10 2.612250e-10 2.610078e-10 2.610319e-10 2.617819e-10 2.678821e-10 2.667279e-10 2.668941e-10 2.669239e-10 2.671468e-10 2.668931e-10 2.669070e-10 2.671800e-10 2.669468e-10 2.670500e-10 2.611680e-10 2.615259e-10 2.613661e-10 2.612278e-10 2.612851e-10 2.613280e-10 2.612751e-10 2.612529e-10 2.610331e-10 2.611730e-10 2.674060e-10 2.668400e-10 2.670200e-10 2.669861e-10 2.669489e-10 2.668109e-10 2.668829e-10 2.668409e-10 2.668631e-10 2.667859e-10 
2.728040e-10 2.618010e-10 2.506361e-10 2.505438e-10 2.617900e-10 2.506859e-10 2.504830e-10 2.505851e-10 2.508268e-10 2.545319e-10 2.546020e-10 2.546349e-10 2.545242e-10 2.544401e-10 2.546101e-10 2.544980e-10 2.545989e-10 2.546220e-10 2.544899e-10 2.544479e-10 2.614071e-10 2.613580e-10 2.613208e-10 0.000000e+00 2.622380e-10 2.616539e-10 2.618182e-10 2.615530e-10 2.615750e-10 2.616038e-10 2.864459e-10 2.864540e-10 2.866960e-10 2.866850e-10 2.864799e-10 2.865908e-10 2.865419e-10 2.867460e-10 2.867529e-10 2.869730e-10 2.636399e-10 2.620749e-10 2.619901e-10 2.621491e-10 2.621138e-10 2.621059e-10 2.619750e-10 2.619200e-10 2.620170e-10 2.621741e-10 2.678659e-10 2.678459e-10 2.678680e-10 2.674439e-10 2.678940e-10 2.676840e-10 2.676280e-10 2.677600e-10 2.675171e-10 2.676229e-10 2.612441e-10 2.613270e-10 2.611210e-10 2.610350e-10 2.612412e-10 2.611549e-10 2.611260e-10 2.611670e-10 2.612178e-10 2.611811e-10 2.669339e-10 2.669411e-10 2.669451e-10 2.672009e-10 2.668300e-10 2.669220e-10 2.670979e-10 2.669451e-10 2.670109e-10 2.668419e-10 2.611351e-10 2.610881e-10 2.611680e-10 2.612169e-10 2.614560e-10 2.612209e-10 2.611110e-10 2.611752e-10 2.610621e-10 2.609599e-10 2.678502e-10 2.667770e-10 2.668409e-10 2.667999e-10 2.669981e-10 2.673459e-10 2.668459e-10 2.670729e-10 2.668080e-10 2.669339e-10 2.610710e-10 2.611668e-10 2.612691e-10 2.611921e-10 2.612450e-10 2.610960e-10 2.621191e-10 2.612031e-10 2.612040e-10 2.610569e-10 2.671409e-10 2.668631e-10 2.671180e-10 2.670810e-10 2.669990e-10 2.668071e-10 2.667410e-10 2.669430e-10 2.668688e-10 2.667401e-10 
2.725520e-10 2.618580e-10 2.504549e-10 2.505529e-10 2.618620e-10 2.505641e-10 2.511220e-10 2.505898e-10 2.509670e-10 2.544651e-10 2.544870e-10 2.546000e-10 2.543399e-10 2.542729e-10 2.543640e-10 2.542770e-10 2.544880e-10 2.545321e-10 2.544541e-10 2.542639e-10 2.611570e-10 2.612531e-10 2.608581e-10 2.622380e-10 0.000000e+00 2.616520e-10 2.610500e-10 2.611830e-10 2.607961e-10 2.613721e-10 2.867041e-10 2.864211e-10 2.868612e-10 2.870820e-10 2.870660e-10 2.871871e-10 2.870309e-10 2.870679e-10 2.870419e-10 2.869630e-10 2.635159e-10 2.619669e-10 2.619381e-10 2.621698e-10 2.619860e-10 2.620440e-10 2.618890e-10 2.619109e-10 2.619500e-10 2.619109e-10 2.677240e-10 2.676270e-10 2.679069e-10 2.674851e-10 2.676749e-10 2.675409e-10 2.677701e-10 2.675591e-10 2.675099e-10 2.675378e-10 2.610390e-10 2.611301e-10 2.610819e-10 2.611010e-10 2.611051e-10 2.610991e-10 2.609780e-10 2.610741e-10 2.611349e-10 2.608969e-10 2.667491e-10 2.670052e-10 2.668681e-10 2.671130e-10 2.666731e-10 2.675040e-10 2.669480e-10 2.668409e-10 2.668388e-10 2.667511e-10 2.611229e-10 2.609119e-10 2.610071e-10 2.609651e-10 2.608471e-10 2.609780e-10 2.618649e-10 2.608619e-10 2.612829e-10 2.611980e-10 2.678578e-10 2.667139e-10 2.668819e-10 2.668321e-10 2.670870e-10 2.669170e-10 2.668970e-10 2.670190e-10 2.668662e-10 2.668991e-10 2.610230e-10 2.613149e-10 2.611232e-10 2.612698e-10 2.610970e-10 2.612231e-10 2.612660e-10 2.611458e-10 2.611599e-10 2.614830e-10 2.670510e-10 2.669911e-10 2.668409e-10 2.668459e-10 2.669711e-10 2.668431e-10 2.667871e-10 2.667539e-10 2.668169e-10 2.667329e-10 
